window_id,scenario_id,ami,ari,accuracy,completeness,homogenity,v_measure,outliers_pct,metric_type,inference_time,clustering_time,n_unique_true,n_unique_pred,entropy,label_transition_rate,silhouette_score
0,1750,0.9472091388860089,0.9801712424368711,0.908,1.0,0.9000038291093719,0.9473705424385901,0.0,mode,0.0027101635932922363,0.05518841743469238,6,4,1.308753549976695,0.7788894447223612,0.6429440975189209
0,1750,1.0,1.0,1.0,1.0,1.0,1.0,0.0,deint,0.0027101635932922363,0.05518841743469238,3,3,0.6157507075503721,0.13706853426713356,0.6850364804267883
1,1750,0.9656082581826017,0.9867296963146606,0.9295,1.0,0.9340333709589445,0.9658916800342761,0.0,mode,0.0027101635932922363,0.05237627029418945,9,7,1.5500208435672864,0.6433216608304152,0.4390810430049896
1,1750,1.0,1.0,1.0,1.0,1.0,1.0,0.0,deint,0.0027101635932922363,0.05237627029418945,5,5,0.8598276710033694,0.16108054027013508,0.272219181060791
2,1750,0.9705438169724024,0.999215344870792,0.989,1.0,0.9439448677669775,0.9711642376476379,0.0,mode,0.0027101635932922363,0.06446361541748047,10,7,0.3567667316167181,0.09704852426213106,0.9307796955108643
2,1750,1.0,1.0,1.0,1.0,1.0,1.0,0.0,deint,0.0027101635932922363,0.06446361541748047,5,5,0.2349495539525123,0.06303151575787894,0.9057525396347046
3,1750,0.8943074429471375,0.9128624037706082,0.982,1.0,0.8119845848714317,0.8962378506426926,0.0,mode,0.0027101635932922363,0.057778358459472656,9,6,0.3332823206155594,0.09004502251125562,0.9263583421707153
3,1750,1.0,1.0,1.0,1.0,1.0,1.0,0.0,deint,0.0027101635932922363,0.057778358459472656,5,5,0.2292131802087674,0.05902951475737869,0.9445251822471619
4,1750,0.9318621639742084,0.9664565010577315,0.9865,1.0000000000000038,0.8744722363194549,0.9330330099062887,0.0,mode,0.0025146007537841797,0.06978797912597656,9,6,0.2598938170201872,0.06453226613306653,0.8933762311935425
4,1750,0.9586563239918264,0.9987335551003801,0.9955,0.9624647828529795,0.9558734774460805,0.9591578064669799,0.0,deint,0.0025146007537841797,0.06978797912597656,5,5,0.2191022002273457,0.05202601300650325,0.9616327881813049
5,1751,0.8922418474809574,0.880837193627645,0.8445,0.9966021160400794,0.8087163815481445,0.8928822899714074,0.1,mode,0.0025146007537841797,0.043848514556884766,9,6,1.770412285386876,0.8184092046023012,0.31815409660339355
5,1751,1.0,1.0,1.0,1.0,1.0,1.0,0.0,deint,0.0025146007537841797,0.043848514556884766,4,4,1.0798213523749196,0.3871935967983992,0.4089604616165161
6,1751,0.7353740622783457,0.501955954832795,0.637,0.9999999999999994,0.5830492557713489,0.7366154320792185,0.0,mode,0.0025146007537841797,0.05116081237792969,8,4,1.4837128890607483,0.8009004502251126,-0.1801522970199585
6,1751,1.0,1.0,1.0,1.0,1.0,1.0,0.0,deint,0.0025146007537841797,0.05116081237792969,3,3,0.6936011619298585,0.36568284142071034,0.4236304759979248
7,1751,0.635528532743066,0.6441440584497852,0.6895,0.9999999999999994,0.46629236960452813,0.6360155440627318,0.0,mode,0.0025146007537841797,0.0692906379699707,6,2,1.2816290448982224,0.5277638819409705,0.4682517945766449
7,1751,1.0,1.0,1.0,1.0,1.0,1.0,0.0,deint,0.0025146007537841797,0.0692906379699707,2,2,0.5976138443793562,0.2661330665332666,0.7302926182746887
8,1751,0.7028254406354163,0.562946606337786,0.6015,0.9999999999999999,0.5426514404213771,0.7035308511080782,0.0,mode,0.0024988651275634766,0.06586551666259766,7,3,1.664082228282537,0.6773386693346674,0.4380209743976593
8,1751,0.9770667218942893,0.995637921062575,0.9815,1.0,0.9552346071190271,0.9771048483297188,0.0,deint,0.0024988651275634766,0.06586551666259766,4,3,0.9453349066554239,0.31115557778889447,0.35359838604927063
9,1751,0.7283780460489583,0.8146099511516132,0.7375,1.0,0.5737431718801993,0.7291446052086513,0.15,mode,0.0024988651275634766,0.06802749633789062,7,3,1.1501358376403035,0.4547273636818409,0.49096643924713135
9,1751,0.9992757198201653,0.999997985419391,0.9995,1.0,0.9985552099243803,0.9992770827303419,0.15,deint,0.0024988651275634766,0.06802749633789062,4,3,0.6608373548349002,0.2176088044022011,0.46835052967071533
10,1752,0.7459956790213528,0.5692595255431495,0.648,0.9999999999999999,0.5955340317337335,0.746501196325617,0.0,mode,0.0024988651275634766,0.060448646545410156,6,3,1.5879203986996546,0.6323161580790395,0.32409611344337463
10,1752,1.0,1.0,1.0,1.0,1.0,1.0,0.0,deint,0.0024988651275634766,0.060448646545410156,3,3,0.9456606371671635,0.26863431715857927,0.25445982813835144
11,1752,0.7116831103024897,0.42881721239237747,0.5955,0.9999999999999994,0.5529806440453319,0.7121539423761035,0.0,mode,0.0024988651275634766,0.06252646446228027,5,3,1.582438173956156,0.6858429214607303,0.4626098573207855
11,1752,1.0,1.0,1.0,1.0,1.0,1.0,0.0,deint,0.0024988651275634766,0.06252646446228027,3,3,0.8750576805726846,0.21560780390195097,0.3534773886203766
12,1752,0.7551054757208107,0.7824431638926393,0.7515,0.9999999999999999,0.6068267768215899,0.7553107597844909,0.0,mode,0.002541482448577881,0.07760095596313477,4,2,1.1160029044166184,0.4652326163081541,0.7106428146362305
12,1752,1.0,1.0,1.0,1.0,1.0,1.0,0.0,deint,0.002541482448577881,0.07760095596313477,2,2,0.6772204454534001,0.2001000500250125,0.6664720177650452
13,1752,0.7704491216309555,0.6230156072807711,0.6915,0.9999999999999998,0.6271162248104084,0.7708315057622636,0.0,mode,0.002541482448577881,0.06992697715759277,5,3,1.4827209567654351,0.5437718859429714,0.27460455894470215
13,1752,1.0,1.0,1.0,1.0,1.0,1.0,0.0,deint,0.002541482448577881,0.06992697715759277,3,3,0.9298383688675745,0.19159579789894948,0.19089341163635254
14,1752,0.6183512317969008,0.3527007192605103,0.542,1.0000000000000004,0.44851581735640034,0.6192763820487095,0.0,mode,0.002541482448577881,0.07392311096191406,6,3,1.470248765864663,0.6943471735867934,0.4351609945297241
14,1752,1.0,1.0,1.0,1.0,1.0,1.0,0.0,deint,0.002541482448577881,0.07392311096191406,3,3,0.6594298269081375,0.13156578289144572,0.27588069438934326
15,1753,1.0,1.0,1.0,1.0,1.0,1.0,0.0,mode,0.002541482448577881,0.07147765159606934,2,2,0.036677938550134126,0.011005502751375688,0.21041785180568695
15,1753,0.0,0.0,0.994,1.0,0.0,0.0,0.0,deint,0.002541482448577881,0.07147765159606934,2,1,0.036677938550134126,0.011005502751375688,0.21041785180568695
16,1754,0.7239401425540433,0.5813503773072906,0.5505,1.0000000000000004,0.5699251064647618,0.7260538787715148,0.0,mode,0.0025091171264648438,0.045297861099243164,15,5,2.2429367346442124,0.6833416708354177,-0.11047718673944473
16,1754,0.9977327922092215,0.9994383713065655,0.999,1.0000000000000002,0.9954929379455874,0.9977413791005182,0.0,deint,0.0025091171264648438,0.045297861099243164,6,5,1.2840934463899636,0.3231615807903952,0.10116735100746155
17,1754,0.8489562018589057,0.7193169761740594,0.6985,1.0000000000000002,0.7392510625553411,0.8500797595825175,0.0,mode,0.0025091171264648438,0.04879927635192871,12,6,2.1854932871738946,0.7473736868434218,0.0665590763092041
17,1754,1.0,1.0,1.0,1.0,1.0,1.0,0.0,deint,0.0025091171264648438,0.04879927635192871,5,5,1.3805618200078955,0.3311655827913957,0.19937002658843994
18,1754,0.9234412111258684,0.984407956684611,0.913,0.9828984190075895,0.8721339851087089,0.924209316477683,0.4,mode,0.0025091171264648438,0.06553339958190918,10,7,1.271744614937368,0.7913956978489245,0.2616179585456848
18,1754,0.9873275246376331,0.9973234003587645,0.998,0.9831691367703572,0.9916608097152976,0.9873967163520171,0.15,deint,0.0025091171264648438,0.06553339958190918,4,5,0.506944256581807,0.12606303151575787,0.7190936207771301
19,1754,0.7512163284093321,0.48276246172767834,0.5985,0.9924436734038762,0.6064495727620683,0.7528545675822217,0.2,mode,0.0025091171264648438,0.059484243392944336,10,6,2.1275969867645985,0.7948974487243622,0.1201145127415657
19,1754,0.9950831927540087,0.9986940763562777,0.999,0.993812307097044,0.9963838819882156,0.9950964331492815,0.05,deint,0.0025091171264648438,0.059484243392944336,4,5,1.05186356336232,0.2771385692846423,0.34216782450675964
20,1754,0.8910731375427645,0.9367524177957081,0.857,0.991835860939832,0.8102075429101095,0.8918685245265164,0.35000000000000003,mode,0.002500474452972412,0.0644991397857666,9,6,1.5402008763449926,0.7943971985992997,0.12432091683149338
20,1754,0.9867632227593024,0.9949946977631723,0.998,0.9886417387136696,0.9849938961324192,0.9868144462953492,0.05,deint,0.002500474452972412,0.0644991397857666,4,5,0.7224584296879204,0.1645822911455728,0.5125119090080261
21,1755,0.807644433973153,0.7447277060230477,0.6885,1.0,0.6782946920915127,0.8083141718647909,0.0,mode,0.002500474452972412,0.0621333122253418,8,4,1.8119559111250374,0.4547273636818409,0.47432392835617065
21,1755,1.0,1.0,1.0,1.0,1.0,1.0,0.0,deint,0.002500474452972412,0.0621333122253418,4,4,1.2290400769625895,0.15907953976988495,0.5404032468795776
22,1755,0.8983876444775537,0.9966150671537913,0.984,0.9999999999999998,0.8171710116765176,0.8993881218945898,0.0,mode,0.002500474452972412,0.0707845687866211,7,3,0.17790214597420068,0.0400200100050025,0.9562413692474365
22,1755,1.0,1.0,1.0,1.0,1.0,1.0,0.0,deint,0.002500474452972412,0.0707845687866211,3,3,0.14537647687718086,0.030015007503751877,0.9633373022079468
23,1755,0.8969119655842168,0.9965286529791786,0.9795,1.0,0.8149120182844367,0.8980182070255287,0.0,mode,0.002500474452972412,0.06045961380004883,7,3,0.20373432666168934,0.04202101050525263,0.9510058164596558
23,1755,1.0,1.0,1.0,1.0,1.0,1.0,0.0,deint,0.002500474452972412,0.06045961380004883,3,3,0.16602555160413643,0.029014507253626812,0.964631199836731
24,1755,0.8421036422461149,0.9577232032613023,0.8805,1.0,0.7287619862562917,0.843102742945496,0.0,mode,0.002517223358154297,0.07295060157775879,8,4,0.8267541384055267,0.18609304652326164,0.7761490345001221
24,1755,1.0,1.0,1.0,1.0,1.0,1.0,0.0,deint,0.002517223358154297,0.07295060157775879,4,4,0.6025069882330302,0.05902951475737869,0.8167650103569031
25,1755,0.8841713198753421,0.9963190478744148,0.9855,0.9999999999999999,0.7937729396512819,0.8850316805488159,0.1,mode,0.002517223358154297,0.07441878318786621,6,3,0.13098748989192105,0.030015007503751877,0.5530619025230408
25,1755,1.0,1.0,1.0,0.9999999999999999,1.0,0.9999999999999999,0.1,deint,0.002517223358154297,0.07441878318786621,3,3,0.10397432508531661,0.02001000500250125,0.5562795400619507
26,1756,0.9117351691720565,0.9888029133687329,0.964,0.8380603077486598,0.9999999999999998,0.9118964206078246,0.0,mode,0.002517223358154297,0.057683706283569336,2,3,0.2600581861655665,0.0830415207603802,0.708476185798645
26,1756,1.0,1.0,1.0,1.0,1.0,1.0,0.0,deint,0.002517223358154297,0.057683706283569336,2,2,0.2600581861655665,0.0830415207603802,0.708476185798645
27,1756,1.0,1.0,1.0,1.0,1.0,1.0,0.0,mode,0.002517223358154297,0.07309246063232422,1,1,-1.000000082690371e-10,0.0,0.0
27,1756,1.0,1.0,1.0,1.0,1.0,1.0,0.0,deint,0.002517223358154297,0.07309246063232422,1,1,-1.000000082690371e-10,0.0,0.0
28,1756,1.0,1.0,1.0,1.0,1.0,1.0,0.0,mode,0.0025253891944885254,0.05408883094787598,2,2,0.4200983381456023,0.14907453726863432,0.7609853744506836
28,1756,1.0,1.0,1.0,1.0,1.0,1.0,0.0,deint,0.0025253891944885254,0.05408883094787598,2,2,0.4200983381456023,0.14907453726863432,0.7609853744506836
29,1756,0.9056808983202156,0.9848448633981076,0.9545,0.8278571056730876,0.9999999999999997,0.9058225646892004,0.0,mode,0.0025253891944885254,0.06582927703857422,2,3,0.30828406789303914,0.10305152576288144,0.7090149521827698
29,1756,1.0,1.0,1.0,1.0,1.0,1.0,0.0,deint,0.0025253891944885254,0.06582927703857422,2,2,0.30828406789303914,0.10305152576288144,0.7090149521827698
30,1756,1.0,1.0,1.0,1.0,1.0,1.0,0.0,mode,0.0025253891944885254,0.05296897888183594,2,2,0.5045332860408528,0.11505752876438219,0.9518227577209473
30,1756,1.0,1.0,1.0,1.0,1.0,1.0,0.0,deint,0.0025253891944885254,0.05296897888183594,2,2,0.5045332860408528,0.11505752876438219,0.9518227577209473
31,1758,0.5823573587828978,0.3886654451538838,0.5175,1.0000000000000002,0.41301054468592296,0.584582395707068,0.2,mode,0.0025253891944885254,0.06108379364013672,12,4,1.9845598602929477,0.696848424212106,-0.15840698778629303
31,1758,1.0,1.0,1.0,1.0,1.0,1.0,0.2,deint,0.0025253891944885254,0.06108379364013672,4,4,0.819644148957022,0.21660830415207605,0.17977391183376312
32,1758,0.8384191308568633,0.9039374239940644,0.785,1.0,0.7234404502590709,0.8395305450215258,0.05,mode,0.0025209784507751465,0.06725740432739258,13,5,1.685781476863582,0.5577788894447223,0.1589420884847641
32,1758,0.9999999999999999,1.0,1.0,0.9999999999999999,1.0,0.9999999999999999,0.05,deint,0.0025209784507751465,0.06725740432739258,4,4,0.9082243448730313,0.45572786393196596,0.34433892369270325
33,1758,0.7570727216436848,0.5658533755513331,0.593,0.9999999999999997,0.6106447912543191,0.7582612809106944,0.0,mode,0.0025209784507751465,0.062212467193603516,12,4,2.1278972746866223,0.7903951975987994,0.05921845883131027
33,1758,1.0,1.0,1.0,1.0,1.0,1.0,0.0,deint,0.0025209784507751465,0.062212467193603516,3,3,0.9556797377382578,0.31265632816408206,0.22170493006706238
34,1758,0.7938738169601864,0.8798042229805703,0.951,0.9999999999999977,0.6618384815675667,0.7965136069580866,0.05,mode,0.0025209784507751465,0.06872177124023438,12,4,0.5136743307376211,0.16408204102051024,0.12585709989070892
34,1758,0.9999999999999999,1.0,1.0,0.9999999999999999,1.0,0.9999999999999999,0.0,deint,0.0025209784507751465,0.06872177124023438,3,3,0.3357110869256231,0.112056028014007,0.4055916368961334
35,1758,0.7804226967337261,0.8578023760251245,0.9545,1.0,0.6448077554935745,0.7840524259931889,0.0,mode,0.0025209784507751465,0.057096004486083984,12,4,0.4658705473699411,0.12456228114057029,0.4465896487236023
35,1758,1.0,1.0,1.0,1.0,1.0,1.0,0.0,deint,0.0025209784507751465,0.057096004486083984,3,3,0.24955429317140881,0.0670335167583792,0.8602591156959534
36,1759,0.8089099967735004,0.6347868035338508,0.695,1.0000000000000002,0.6799264786412512,0.8094717087752382,0.0,mode,0.0024852752685546875,0.05402088165283203,7,4,1.8345370311268343,0.5227613806903452,0.03239806741476059
36,1759,1.0,1.0,1.0,1.0,1.0,1.0,0.0,deint,0.0024852752685546875,0.05402088165283203,4,4,1.2473503035869922,0.19309654827413708,0.25269603729248047
37,1759,0.8110603188887471,0.8854389332996837,0.805,0.9999999999999999,0.682847978655713,0.811538519600782,0.0,mode,0.0024852752685546875,0.06092381477355957,6,3,1.190777446259034,0.4412206103051526,0.2875019311904907
37,1759,1.0,1.0,1.0,1.0,1.0,1.0,0.0,deint,0.0024852752685546875,0.06092381477355957,3,3,0.8131199723165021,0.2736368184092046,0.42889249324798584
38,1759,0.7507700875288655,0.5945490968589073,0.6415,0.8250485401321372,0.6907334126818085,0.7519400698704136,0.0,mode,0.0024852752685546875,0.05808067321777344,8,5,1.6562898560650772,0.4927463731865933,0.4082748293876648
38,1759,1.0,1.0,1.0,1.0,1.0,1.0,0.0,deint,0.0024852752685546875,0.05808067321777344,4,4,1.144054744822679,0.25212606303151575,0.57950758934021
39,1759,0.8464444114448811,0.8973181537940363,0.7785,1.0000000000000002,0.7346987901306786,0.8470620886007906,0.0,mode,0.0024852752685546875,0.06055808067321777,8,4,1.5259435103057903,0.4882441220610305,0.32492050528526306
39,1759,1.0,1.0,1.0,1.0,1.0,1.0,0.0,deint,0.0024852752685546875,0.06055808067321777,4,4,1.121108851017184,0.33516758379189593,0.447143018245697
40,1759,0.832334531524765,0.7976326145364486,0.7065,1.0,0.7140995015776848,0.8332065914731509,0.0,mode,0.002484738826751709,0.05621933937072754,9,5,1.834342261601398,0.4652326163081541,0.1794440895318985
40,1759,1.0,1.0,1.0,1.0,1.0,1.0,0.0,deint,0.002484738826751709,0.05621933937072754,4,4,1.158103354341419,0.21960980490245122,0.30063629150390625
41,1760,0.9095292573961258,0.9754840034864366,0.973,0.9395428839862848,0.8816374697083095,0.9096696098655861,0.0,mode,0.002484738826751709,0.07558584213256836,3,3,0.6835853905000161,0.24612306153076538,0.6116583347320557
41,1760,1.0,1.0,1.0,1.0,1.0,1.0,0.0,deint,0.002484738826751709,0.07558584213256836,2,2,0.5528027881491243,0.24612306153076538,0.7147343754768372
42,1761,1.0,1.0,1.0,1.0,1.0,1.0,0.0,mode,0.002484738826751709,0.07067370414733887,2,2,0.6253527124087996,0.16058029014507252,0.7806621193885803
42,1761,1.0,1.0,1.0,1.0,1.0,1.0,0.0,deint,0.002484738826751709,0.07067370414733887,2,2,0.6253527124087996,0.16058029014507252,0.7806621193885803
43,1761,1.0,1.0,1.0,0.9999999999999999,1.0,0.9999999999999999,0.0,mode,0.002484738826751709,0.06893444061279297,3,3,0.723782146274689,0.062031015507753876,0.663833737373352
43,1761,1.0,1.0,1.0,1.0,1.0,1.0,0.0,deint,0.002484738826751709,0.06893444061279297,3,3,0.7237821462746888,0.062031015507753876,0.663833737373352
44,1761,1.0,1.0,1.0,1.0,1.0,1.0,0.0,mode,0.0025147199630737305,0.07013678550720215,2,2,0.6230429933424383,0.13356678339169584,0.8552477955818176
44,1761,1.0,1.0,1.0,1.0,1.0,1.0,0.0,deint,0.0025147199630737305,0.07013678550720215,2,2,0.6230429933424383,0.13356678339169584,0.8552477955818176
45,1761,1.0,1.0,1.0,1.0,1.0,1.0,0.0,mode,0.0025147199630737305,0.07466626167297363,2,2,0.20290843846489512,0.08854427213606804,0.9864268898963928
45,1761,1.0,1.0,1.0,1.0,1.0,1.0,0.0,deint,0.0025147199630737305,0.07466626167297363,2,2,0.20290843846489512,0.08854427213606804,0.9864268898963928
46,1761,1.0,1.0,1.0,1.0,1.0,1.0,0.0,mode,0.0025147199630737305,0.06499409675598145,2,2,0.18958533831930974,0.09404702351175588,0.987052857875824
46,1761,1.0,1.0,1.0,1.0,1.0,1.0,0.0,deint,0.0025147199630737305,0.06499409675598145,2,2,0.18958533831930974,0.09404702351175588,0.987052857875824
47,1762,0.8737494336567588,0.9492406321450065,0.8615,0.9999999999999998,0.7769337876711745,0.8744656588351707,0.0,mode,0.0025147199630737305,0.06795835494995117,8,4,1.0682114947477035,0.3456728364182091,0.3639642000198364
47,1762,0.9880073491684918,0.9990003250284643,0.9915,1.0,0.9763874850590722,0.9880526895057615,0.0,deint,0.0025147199630737305,0.06795835494995117,5,4,0.8500002462970553,0.21710855427713857,0.4898502230644226
48,1762,0.9269945980888209,0.9332401798740984,0.868,0.9999999999999999,0.8644406210193858,0.9272921982859947,0.0,mode,0.0024857521057128906,0.05994105339050293,7,5,1.604649082174549,0.5832916458229115,0.22029992938041687
48,1762,1.0,1.0,1.0,1.0,1.0,1.0,0.0,deint,0.0024857521057128906,0.05994105339050293,5,5,1.3871238492182631,0.4502251125562781,0.3383897840976715
49,1762,0.8389063154891223,0.7790861594497336,0.743,1.0,0.7236139914076459,0.8396473862650451,0.0,mode,0.0024857521057128906,0.06219983100891113,7,5,1.532331680771636,0.5742871435717859,0.20570996403694153
49,1762,1.0,1.0,1.0,1.0,1.0,1.0,0.0,deint,0.0024857521057128906,0.06219983100891113,5,5,1.1088166436900797,0.23961980990495246,0.44161537289619446
50,1762,0.7752708946076277,0.6754238765297137,0.681,0.9999999999999997,0.633528908292342,0.7756568066550107,0.0,mode,0.0024857521057128906,0.06722211837768555,5,3,1.4344541543369718,0.5807903951975988,0.23683996498584747
50,1762,1.0,1.0,1.0,1.0000000000000002,1.0,1.0000000000000002,0.0,deint,0.0024857521057128906,0.06722211837768555,3,3,0.9087681744092811,0.18859429714857429,0.5350927710533142
51,1762,0.7915618314604679,0.8886852677125295,0.809,1.0000000000000004,0.6553126464282997,0.7917690326867021,0.0,mode,0.0024857521057128906,0.06639814376831055,4,2,0.9147444861758751,0.3826913456728364,0.6986833214759827
51,1762,1.0,1.0,1.0,1.0,1.0,1.0,0.0,deint,0.0024857521057128906,0.06639814376831055,2,2,0.5994436301037328,0.19159579789894948,0.8797755241394043
52,1763,1.0,1.0,1.0,1.0,1.0,1.0,0.0,mode,0.0024871826171875,0.073455810546875,1,1,-1.000000082690371e-10,0.0,0.0
52,1763,1.0,1.0,1.0,1.0,1.0,1.0,0.0,deint,0.0024871826171875,0.073455810546875,1,1,-1.000000082690371e-10,0.0,0.0
53,1763,1.0,1.0,1.0,1.0,1.0,1.0,0.0,mode,0.0024871826171875,0.06264925003051758,1,1,-1.000000082690371e-10,0.0,0.0
53,1763,1.0,1.0,1.0,1.0,1.0,1.0,0.0,deint,0.0024871826171875,0.06264925003051758,1,1,-1.000000082690371e-10,0.0,0.0
54,1763,1.0,1.0,1.0,1.0,1.0,1.0,0.0,mode,0.0024871826171875,0.07232451438903809,1,1,-1.000000082690371e-10,0.0,0.0
54,1763,1.0,1.0,1.0,1.0,1.0,1.0,0.0,deint,0.0024871826171875,0.07232451438903809,1,1,-1.000000082690371e-10,0.0,0.0
55,1763,1.0,1.0,1.0,1.0,1.0,1.0,0.0,mode,0.0024871826171875,0.0610804557800293,1,1,-1.000000082690371e-10,0.0,0.0
55,1763,1.0,1.0,1.0,1.0,1.0,1.0,0.0,deint,0.0024871826171875,0.0610804557800293,1,1,-1.000000082690371e-10,0.0,0.0
56,1763,1.0,1.0,1.0,1.0,1.0,1.0,0.0,mode,0.0023133158683776855,0.0721747875213623,1,1,-1.000000082690371e-10,0.0,0.0
56,1763,1.0,1.0,1.0,1.0,1.0,1.0,0.0,deint,0.0023133158683776855,0.0721747875213623,1,1,-1.000000082690371e-10,0.0,0.0
57,1764,0.28507855629337686,0.09209438816212229,0.4465,1.0000000000000002,0.16687274578736017,0.28601704237210707,0.0,mode,0.0023133158683776855,0.059392690658569336,6,2,1.6485045321895306,0.7823911955977989,0.14247526228427887
57,1764,1.0,1.0,1.0,1.0,1.0,1.0,0.0,deint,0.0023133158683776855,0.059392690658569336,2,2,0.27509047762949806,0.08054027013506754,0.49534526467323303
58,1764,0.4725846139175247,0.21412823243809923,0.4315,1.000000000000001,0.3098396324114919,0.4730955221458049,0.0,mode,0.0023133158683776855,0.0735940933227539,5,2,1.5809073501397741,0.7628814407203601,-0.04171011224389076
58,1764,1.0,1.0,1.0,1.0,1.0,1.0,0.0,deint,0.0023133158683776855,0.0735940933227539,2,2,0.48982775219885266,0.07003501750875438,0.5879302024841309
59,1764,0.8281718331104821,0.8106621601726836,0.7685,1.0000000000000002,0.7072171587190185,0.8285028710110516,0.0,mode,0.0023133158683776855,0.059853553771972656,6,3,1.5265630833659467,0.36068034017008505,0.3691062331199646
59,1764,1.0,1.0,1.0,1.0,1.0,1.0,0.0,deint,0.0023133158683776855,0.059853553771972656,3,3,1.0796116065477388,0.10355177588794397,0.6205546855926514
60,1764,0.8630434835228141,0.9914112146354507,0.971,1.0,0.7602288923307592,0.8637841313059267,0.0,mode,0.002515554428100586,0.07387185096740723,5,2,0.23125861071394127,0.062031015507753876,0.9478116631507874
60,1764,1.0,1.0,1.0,1.0,1.0,1.0,0.0,deint,0.002515554428100586,0.07387185096740723,2,2,0.17580947764512425,0.0400200100050025,0.979631245136261
61,1764,0.8626693227094228,0.9920004728094615,0.9745,1.0,0.7597180189873494,0.8634542702751185,0.0,mode,0.002515554428100586,0.06084442138671875,5,2,0.21896525815237672,0.057028514257128564,0.942898154258728
61,1764,1.0,1.0,1.0,1.0,1.0,1.0,0.0,deint,0.002515554428100586,0.06084442138671875,2,2,0.1663518523304363,0.03501750875437719,0.9765315651893616
62,1765,0.7791401526833707,0.6961326768886406,0.666,1.0000000000000002,0.6388526903636421,0.779634062438996,0.0,mode,0.002515554428100586,0.0594484806060791,7,3,1.6605034864564807,0.5597798899449725,0.09114419668912888
62,1765,1.0,1.0,1.0,1.0,1.0,1.0,0.0,deint,0.002515554428100586,0.0594484806060791,3,3,1.0608171198281269,0.25962981490745374,0.4134252369403839
63,1765,0.7746419386775714,0.761275566447747,0.694,0.9999999999999998,0.6328674234267846,0.775160817525075,0.0,mode,0.002515554428100586,0.0577089786529541,7,3,1.6048138960457041,0.5467733866933466,0.14771144092082977
63,1765,1.0,1.0,1.0,1.0,1.0,1.0,0.0,deint,0.002515554428100586,0.0577089786529541,3,3,1.015634435612952,0.2896448224112056,0.42518022656440735
64,1765,0.8010943482621941,0.8885431245959885,0.7825,1.0,0.6694881621445261,0.8020280434747631,0.0,mode,0.002497434616088867,0.06745100021362305,8,4,1.2462474760251219,0.36218109054527264,0.22029493749141693
64,1765,1.0,1.0,1.0,0.9999999999999999,1.0,0.9999999999999999,0.0,deint,0.002497434616088867,0.06745100021362305,4,4,0.8343479324369037,0.16108054027013508,0.3975449800491333
65,1765,0.8061472053166577,0.8951443331735898,0.81,1.0000000000000002,0.6759960409323258,0.8066797586899808,0.0,mode,0.002497434616088867,0.07354450225830078,6,3,1.1133210420875501,0.4042021010505253,0.13087429106235504
65,1765,1.0,1.0,1.0,1.0,1.0,1.0,0.0,deint,0.002497434616088867,0.07354450225830078,3,3,0.7526006168434326,0.24762381190595298,0.2180076688528061
66,1765,0.5131985931314939,0.24006342443298173,0.449,1.0000000000000007,0.34618770812913896,0.5143230859093975,0.0,mode,0.002497434616088867,0.0779721736907959,6,3,1.619416523352526,0.7348674337168585,0.1693698763847351
66,1765,1.0,1.0,1.0,1.0,1.0,1.0,0.0,deint,0.002497434616088867,0.0779721736907959,3,3,0.5606220946335816,0.061530765382691345,0.4700123965740204
67,1766,0.8962329131010318,0.9683617118635776,0.9005,0.9999999999999998,0.8124745185622958,0.8965362108447986,0.0,mode,0.002497434616088867,0.08019232749938965,5,3,0.7863301045207918,0.2816408204102051,0.7453331351280212
67,1766,1.0,1.0,1.0,1.0,1.0,1.0,0.0,deint,0.002497434616088867,0.08019232749938965,3,3,0.6388731732078075,0.21010505252626313,0.8340038657188416
68,1766,0.7864670634515339,0.6081752978757522,0.6945,0.9853929824800071,0.6551987946814749,0.7870675732942379,0.0,mode,0.0025095343589782715,0.07224559783935547,5,4,1.3196023784690851,0.5312656328164082,0.2896653711795807
68,1766,1.0,1.0,1.0,1.0,1.0,1.0,0.0,deint,0.0025095343589782715,0.07224559783935547,3,3,0.8492630872346552,0.1630815407703852,0.6095627546310425
69,1766,0.9360289613145039,0.9405988001845003,0.8865,0.9999999999999998,0.8800205703054322,0.936181852693731,0.0,mode,0.0025095343589782715,0.06910061836242676,5,4,1.3426606543981567,0.5497748874437218,0.32247117161750793
69,1766,1.0,1.0,1.0,1.0,1.0,1.0,0.0,deint,0.0025095343589782715,0.06910061836242676,3,3,0.8800576026290352,0.33166583291645824,0.6358160376548767
70,1766,0.9322256204028978,0.94006785987288,0.8905,1.0,0.8733581525597414,0.9323984859663828,0.0,mode,0.0025095343589782715,0.06599903106689453,5,4,1.266925065367689,0.31615807903951976,0.37320855259895325
70,1766,1.0,1.0,1.0,1.0,1.0,1.0,0.0,deint,0.0025095343589782715,0.06599903106689453,3,3,0.595028351208695,0.16808404202101052,0.537327766418457
71,1766,0.9433242318938092,0.9722108119099596,0.921,0.9958428453175918,0.8962722881021107,0.9434376690912845,0.05,mode,0.0025095343589782715,0.06459259986877441,4,4,1.0753828406465442,0.5487743871935968,0.26252850890159607
71,1766,1.0,1.0,1.0,1.0,1.0,1.0,0.0,deint,0.0025095343589782715,0.06459259986877441,3,3,0.9638358392305345,0.49024512256128067,0.3387161195278168
72,1767,1.0,1.0,1.0,0.9999999999999999,1.0,0.9999999999999999,0.0,mode,0.002530813217163086,0.06762409210205078,3,3,0.9005874653908412,0.0335167583791896,0.6080121397972107
72,1767,1.0,1.0,1.0,0.9999999999999999,1.0,0.9999999999999999,0.0,deint,0.002530813217163086,0.06762409210205078,3,3,0.9005874653908412,0.0335167583791896,0.6080121397972107
73,1767,1.0,1.0,1.0,1.0,1.0,1.0,0.2,mode,0.002530813217163086,0.07413291931152344,2,2,0.01442721466217611,0.002001000500250125,0.9889904856681824
73,1767,1.0,1.0,1.0,1.0,1.0,1.0,0.2,deint,0.002530813217163086,0.07413291931152344,2,2,0.01442721466217611,0.002001000500250125,0.9889904856681824
74,1767,1.0,1.0,1.0,1.0,1.0,1.0,0.0,mode,0.002530813217163086,0.06349754333496094,2,2,0.026077832783397644,0.00400200100050025,0.960719108581543
74,1767,1.0,1.0,1.0,1.0,1.0,1.0,0.0,deint,0.002530813217163086,0.06349754333496094,2,2,0.026077832783397644,0.00400200100050025,0.960719108581543
75,1767,1.0,1.0,1.0,1.0,1.0,1.0,0.0,mode,0.002530813217163086,0.07285881042480469,3,3,0.79615756565671,0.0050025012506253125,0.9020490050315857
75,1767,1.0,1.0,1.0,1.0,1.0,1.0,0.0,deint,0.002530813217163086,0.07285881042480469,2,2,0.17424898351815118,0.0050025012506253125,0.8235302567481995
76,1767,1.0,1.0,1.0,1.0,1.0,1.0,0.0,mode,0.002495288848876953,0.06112384796142578,2,2,0.04170835834189347,0.007003501750875438,0.967202365398407
76,1767,1.0,1.0,1.0,1.0,1.0,1.0,0.0,deint,0.002495288848876953,0.06112384796142578,2,2,0.04170835834189347,0.007003501750875438,0.967202365398407
77,1768,0.896190832829599,0.902317677236983,0.8345,0.9978788639564259,0.8150033126864686,0.8972172491544084,0.3,mode,0.002495288848876953,0.04922819137573242,13,7,1.9868487331992457,0.8104052026013007,0.08373310416936874
77,1768,1.0,1.0,1.0,1.0,1.0,1.0,0.0,deint,0.002495288848876953,0.04922819137573242,5,5,1.2992468748851957,0.42621310655327665,0.39989912509918213
78,1768,0.9002179639257544,0.930488638326875,0.842,1.0,0.8200574318790976,0.9011335769030526,0.0,mode,0.002495288848876953,0.05511593818664551,13,6,1.8948619133834859,0.6568284142071036,0.13071195781230927
78,1768,0.9943743541271541,0.9996035361276256,0.994,1.0,0.9888619709890427,0.9943997978877245,0.0,deint,0.002495288848876953,0.05511593818664551,6,5,1.157382296572719,0.511255627813907,0.44559410214424133
79,1768,0.7536583885806981,0.7423071416508477,0.6735,1.0,0.6069755568990961,0.7554259979788963,0.0,mode,0.002495288848876953,0.062241315841674805,11,5,1.8121310978932044,0.5157578789394698,0.17810910940170288
79,1768,1.0,1.0,1.0,1.0,1.0,1.0,0.0,deint,0.002495288848876953,0.062241315841674805,3,3,0.9473873875615155,0.2366183091545773,0.5641602873802185
80,1768,0.6696351219510089,0.4977542032507588,0.537,1.0,0.5043523608360193,0.6705242388235875,0.0,mode,0.0025006532669067383,0.05962419509887695,9,3,1.9874762746653831,0.6868434217108554,0.25796136260032654
80,1768,1.0,1.0,1.0,1.0,1.0,1.0,0.0,deint,0.0025006532669067383,0.05962419509887695,3,3,1.0023883513869796,0.29314657328664334,0.3349408507347107
81,1768,0.687448678546072,0.5818407829849402,0.5605,1.0,0.52485757970081,0.6884020995636742,0.0,mode,0.0025006532669067383,0.0606381893157959,10,3,1.9571493738118027,0.591295647823912,0.38429969549179077
81,1768,1.0,1.0,1.0,1.0,1.0,1.0,0.0,deint,0.0025006532669067383,0.0606381893157959,3,3,1.0272246836766765,0.20560280140070036,0.4351366460323334
82,1769,0.8334844006575757,0.7209913831755741,0.8245,1.0000000000000002,0.7159069444226668,0.8344356280503783,0.0,mode,0.0025006532669067383,0.07264161109924316,8,5,1.4547491521334561,0.5017508754377189,-0.04746805503964424
82,1769,1.0,1.0,1.0,1.0000000000000002,1.0,1.0000000000000002,0.0,deint,0.0025006532669067383,0.07264161109924316,5,5,1.0414650204780531,0.31265632816408206,0.27712857723236084
83,1769,0.8113095713258929,0.6397819743157422,0.659,0.9999999999999997,0.6837767691726122,0.8121940885413355,0.0,mode,0.0025006532669067383,0.06270265579223633,8,5,1.8158799738540687,0.7698849424712356,0.0724373459815979
83,1769,0.9999999999999998,1.0,1.0,0.9999999999999998,1.0,0.9999999999999999,0.0,deint,0.0025006532669067383,0.06270265579223633,5,5,1.2416565417742043,0.4382191095547774,0.16404351592063904
84,1769,0.5206385299304948,0.2100536423532798,0.416,1.0,0.3539868658626886,0.5228807971296634,0.0,mode,0.0025943517684936523,0.0786128044128418,7,4,1.486065066118554,0.9419709854927464,0.6566629409790039
84,1769,1.0,1.0,1.0,1.0,1.0,1.0,0.0,deint,0.0025943517684936523,0.0786128044128418,4,4,0.5260475150711267,0.25962981490745374,-0.18591012060642242
85,1769,0.40872694085451544,0.12578557969704857,0.3685,1.0000000000000002,0.2606245441764955,0.41348480065767523,0.0,mode,0.0025943517684936523,0.07779717445373535,8,5,1.4041032028061637,0.9009504752376188,0.5608997344970703
85,1769,1.0,1.0,1.0,1.0,1.0,1.0,0.0,deint,0.0025943517684936523,0.07779717445373535,5,5,0.3659437569166134,0.12356178089044523,-0.10942128300666809
86,1769,0.7414787988627708,0.5441825882903755,0.6255,1.0000000000000002,0.5898118301208134,0.7419894844737598,0.0,mode,0.0025943517684936523,0.04921722412109375,6,3,1.6061205098337843,0.7173586793396698,0.10175575315952301
86,1769,1.0,1.0,1.0,1.0,1.0,1.0,0.0,deint,0.0025943517684936523,0.04921722412109375,3,3,0.9473088773535258,0.32266133066533265,0.5146914124488831
87,1770,0.9120188349425267,0.9260007558799623,0.8365,1.0,0.8390311250097517,0.9124708261860469,0.0,mode,0.0025943517684936523,0.05352973937988281,9,5,1.7390344486103249,0.5592796398199099,0.15886181592941284
87,1770,0.9999999999999999,1.0,1.0,0.9999999999999999,1.0,0.9999999999999999,0.0,deint,0.0025943517684936523,0.05352973937988281,5,5,1.459104030103362,0.49524762381190596,0.24217696487903595
88,1770,0.9113670256289264,0.9566234474689692,0.8725,1.0,0.8379885618132921,0.9118539464539032,0.0,mode,0.0024933815002441406,0.060323238372802734,8,5,1.4247256562432842,0.4062031015507754,0.13392889499664307
88,1770,1.0,1.0,1.0,1.0,1.0,1.0,0.0,deint,0.0024933815002441406,0.060323238372802734,5,5,1.1939038038241994,0.35267633816908456,0.11643227934837341
89,1770,0.8513453420275952,0.770216906635694,0.7055,0.9999999999999997,0.7420776679841937,0.8519455608920953,0.0,mode,0.0024933815002441406,0.05805540084838867,9,4,1.7706313536441378,0.5802901450725363,0.25218451023101807
89,1770,1.0,1.0,1.0,1.0,1.0,1.0,0.0,deint,0.0024933815002441406,0.05805540084838867,4,4,1.3139459860398077,0.4017008504252126,0.3382928967475891
90,1770,0.8935392881852704,0.960546383406954,0.886,1.0000000000000002,0.8080579632280129,0.8938407724333663,0.0,mode,0.0024933815002441406,0.0670619010925293,6,3,0.9785594379994134,0.3776888444222111,0.30127421021461487
90,1770,1.0,1.0,1.0,1.0,1.0,1.0,0.0,deint,0.0024933815002441406,0.0670619010925293,3,3,0.7907327465521897,0.3366683341670835,0.5570150017738342
91,1770,0.8795181335082347,0.9425259951578958,0.846,1.0000000000000002,0.785455673306508,0.8798377748039108,0.0,mode,0.0024933815002441406,0.07533383369445801,6,3,1.0631273691959566,0.3936968484242121,0.25406187772750854
91,1770,1.0,1.0,1.0,1.0,1.0,1.0,0.0,deint,0.0024933815002441406,0.07533383369445801,3,3,0.83503942375366,0.32016008004002,0.39588433504104614
92,1771,0.6692013695410476,0.4316328057747562,0.481,0.9999999999999996,0.5039741039451842,0.6701898691249708,0.0,mode,0.0025269389152526855,0.061731815338134766,10,3,2.0406941478548455,0.6658329164582291,0.13524571061134338
92,1771,0.9310393175173555,0.9630665359054267,0.9525,0.9776074349272127,0.889170704415567,0.9312942692398981,0.1,deint,0.0025269389152526855,0.061731815338134766,6,5,1.3364920811295693,0.4112056028014007,0.16851116716861725
93,1771,0.9212918469242006,0.9520385528375253,0.8815,1.0,0.8547160561749825,0.9216678243867477,0.0,mode,0.0025269389152526855,0.08389878273010254,7,5,1.3908852541607575,0.2876438219109555,0.5278621315956116
93,1771,1.0,1.0,1.0,1.0000000000000002,1.0,1.0000000000000002,0.0,deint,0.0025269389152526855,0.08389878273010254,5,5,1.1888119591265223,0.16908454227113556,0.5164046287536621
94,1771,0.9169543368401243,0.9976077194313308,0.99,0.9999999999999999,0.8476310751480245,0.9175328197812604,0.2,mode,0.0025269389152526855,0.07305145263671875,5,3,0.11132481909299469,0.02751375687843922,0.8241825103759766
94,1771,0.9999999999999999,1.0,1.0,0.9999999999999999,1.0,0.9999999999999999,0.2,deint,0.0025269389152526855,0.07305145263671875,3,3,0.09436237622226999,0.022011005502751375,0.8232234120368958
95,1771,0.9011839287991448,0.9969368808017012,0.9885,1.0,0.8210480801582825,0.9017313591049373,0.0,mode,0.0025269389152526855,0.059389352798461914,4,2,0.10735446271618249,0.029014507253626812,0.9665981531143188
95,1771,1.0,1.0,1.0,1.0,1.0,1.0,0.0,deint,0.0025269389152526855,0.059389352798461914,2,2,0.08814317563796481,0.02301150575287644,0.9728705286979675
96,1771,0.8988752203631711,0.9964800994902692,0.987,1.0,0.8172618994909572,0.8994431674596653,0.0,mode,0.0025232434272766113,0.07132530212402344,4,2,0.1199604594486691,0.03301650825412707,0.9694872498512268
96,1771,1.0,1.0,1.0,1.0,1.0,1.0,0.0,deint,0.0025232434272766113,0.07132530212402344,2,2,0.098039113079732,0.026013006503251626,0.9751306176185608
97,1772,1.0,1.0,1.0,1.0,1.0,1.0,0.0,mode,0.0025232434272766113,0.05563688278198242,2,2,0.3094243236644553,0.025512756378189096,0.9824289679527283
97,1772,1.0,1.0,1.0,1.0,1.0,1.0,0.0,deint,0.0025232434272766113,0.05563688278198242,2,2,0.3094243236644553,0.025512756378189096,0.9824289679527283
98,1772,1.0,1.0,1.0,1.0,1.0,1.0,0.0,mode,0.0025232434272766113,0.07526135444641113,2,2,0.06937160821429075,0.010005002501250625,0.9953563213348389
98,1772,1.0,1.0,1.0,1.0,1.0,1.0,0.0,deint,0.0025232434272766113,0.07526135444641113,2,2,0.06937160821429075,0.010005002501250625,0.9953563213348389
99,1772,1.0,1.0,1.0,1.0,1.0,1.0,0.0,mode,0.0025232434272766113,0.06723284721374512,2,2,0.10572388751420275,0.026013006503251626,0.9944549798965454
99,1772,1.0,1.0,1.0,1.0,1.0,1.0,0.0,deint,0.0025232434272766113,0.06723284721374512,2,2,0.10572388751420275,0.026013006503251626,0.9944549798965454
100,1772,1.0,1.0,1.0,1.0,1.0,1.0,0.0,mode,0.0025151968002319336,0.07484674453735352,2,2,0.09412135534435351,0.022011005502751375,0.9963583946228027
100,1772,1.0,1.0,1.0,1.0,1.0,1.0,0.0,deint,0.0025151968002319336,0.07484674453735352,2,2,0.09412135534435351,0.022011005502751375,0.9963583946228027
101,1772,1.0,1.0,1.0,1.0,1.0,1.0,0.0,mode,0.0025151968002319336,0.0735931396484375,2,2,0.07152684745971383,0.015007503751875938,0.9973999261856079
101,1772,1.0,1.0,1.0,1.0,1.0,1.0,0.0,deint,0.0025151968002319336,0.0735931396484375,2,2,0.07152684745971383,0.015007503751875938,0.9973999261856079
102,1773,0.8312346204458368,0.9870855489958532,0.949,1.0,0.714113137325532,0.8332158732996313,0.0,mode,0.0025151968002319336,0.05781698226928711,10,3,0.4379536037643734,0.10055027513756878,0.8253287672996521
102,1773,1.0,1.0,1.0,1.0,1.0,1.0,0.0,deint,0.0025151968002319336,0.05781698226928711,2,2,0.22971023809100624,0.04252126063031516,0.9347682595252991
103,1773,0.8386810939652107,0.992258200591839,0.97,1.0,0.725064654374637,0.8406231645126186,0.0,mode,0.0025151968002319336,0.07010102272033691,10,3,0.274291696669438,0.06453226613306653,0.40910604596138
103,1773,1.0,1.0,1.0,1.0,1.0,1.0,0.0,deint,0.0025151968002319336,0.07010102272033691,2,2,0.15991595511465675,0.02801400700350175,0.9597440361976624
104,1773,0.807032110682593,0.9915069838825795,0.9705,1.0000000000000002,0.6789799406684441,0.8088005392108796,0.0,mode,0.0024895668029785156,0.05966377258300781,9,2,0.22588176050896086,0.04902451225612806,0.952288031578064
104,1773,1.0,1.0,1.0,1.0,1.0,1.0,0.0,deint,0.0024895668029785156,0.05966377258300781,2,2,0.15336918475953992,0.027013506753376687,0.9605299234390259
105,1773,0.8137778257165088,0.9928384949202939,0.975,1.0,0.6884251900877792,0.8154642493245303,0.0,mode,0.0024895668029785156,0.0719614028930664,9,2,0.19824368177181453,0.04252126063031516,0.9603734612464905
105,1773,1.0,1.0,1.0,1.0,1.0,1.0,0.0,deint,0.0024895668029785156,0.0719614028930664,2,2,0.1364759447270454,0.0240120060030015,0.9684879183769226
106,1773,0.8077314929452105,0.9912983767124705,0.97,0.9999999999999998,0.6799341759025046,0.80947716363616,0.0,mode,0.0024895668029785156,0.060072898864746094,9,2,0.2303999333509692,0.05002501250625312,0.9580156207084656
106,1773,1.0,1.0,1.0,1.0,1.0,1.0,0.0,deint,0.0024895668029785156,0.060072898864746094,2,2,0.15665678922292403,0.027013506753376687,0.9659493565559387
107,1774,0.7979190943207597,0.7480038948459083,0.7205,1.0,0.6644743053952645,0.7984194207641687,0.0,mode,0.0024895668029785156,0.05308389663696289,7,3,1.5044575317192026,0.5887943971985993,0.43324506282806396
107,1774,0.9756832028367898,0.9916431724177456,0.984,1.0,0.9525897404444221,0.9757192929095351,0.0,deint,0.0024895668029785156,0.05308389663696289,4,3,1.049426978925365,0.3401700850425213,0.3626292645931244
108,1774,0.8071028043406656,0.7168916800146639,0.7235,1.0,0.6779231720558914,0.8080503128462784,0.0,mode,0.002483367919921875,0.05923295021057129,7,5,1.5080125001640425,0.6088044022011005,0.11079616099596024
108,1774,1.0,1.0,1.0,1.0,1.0,1.0,0.0,deint,0.002483367919921875,0.05923295021057129,4,4,0.9720092443266835,0.295647823911956,0.41712528467178345
109,1774,0.8905998952547391,0.9726534190733964,0.9135,1.0,0.8033163343720319,0.8909322441775257,0.0,mode,0.002483367919921875,0.07741594314575195,5,3,0.7509148502269077,0.28714357178589295,0.5857747793197632
109,1774,1.0,1.0,1.0,1.0,1.0,1.0,0.0,deint,0.002483367919921875,0.07741594314575195,3,3,0.6032221650114609,0.256128064032016,0.5660601854324341
110,1774,0.8507563123811884,0.9001394590312065,0.8245,0.9999999999999999,0.7407273741003249,0.8510550073737553,0.0,mode,0.002483367919921875,0.07261466979980469,5,3,1.1568153499913967,0.4527263631815908,0.558026134967804
110,1774,1.0,1.0,1.0,1.0,1.0,1.0,0.0,deint,0.002483367919921875,0.07261466979980469,3,3,0.8568847965884393,0.3231615807903952,0.5289478898048401
111,1774,0.7838072097658382,0.6079530027674686,0.671,1.0,0.6449306192557608,0.7841432479961444,0.0,mode,0.002483367919921875,0.04661202430725098,5,3,1.5686483911273341,0.671335667833917,0.2096889466047287
111,1774,1.0,1.0,1.0,1.0,1.0,1.0,0.0,deint,0.002483367919921875,0.04661202430725098,3,3,1.01166937830677,0.3326663331665833,0.16361607611179352
112,1775,0.0,0.0,0.268,1.0,0.0,0.0,0.0,mode,0.0025342702865600586,0.062050819396972656,4,1,1.3852926963062315,0.9559779889944973,0.19540861248970032
112,1775,1.0,1.0,1.0,1.0,1.0,1.0,0.0,deint,0.0025342702865600586,0.062050819396972656,1,1,-1.000000082690371e-10,0.0,0.0
113,1775,0.10672588276328067,0.02095675615863411,0.274,0.8803397051452262,0.05813469113250189,0.10906696454007474,0.0,mode,0.0025342702865600586,0.0585477352142334,5,3,1.4463934395304228,0.9554777388694348,0.22052694857120514
113,1775,1.0,1.0,1.0,1.0,1.0,1.0,0.0,deint,0.0025342702865600586,0.0585477352142334,2,2,0.08408563569224581,0.01900950475237619,0.3938889801502228
114,1775,0.6197770466599215,0.47599488913315924,0.563,0.9999999999999997,0.4494090889392223,0.6201273227396841,0.0,mode,0.0025342702865600586,0.06554079055786133,5,2,1.5006489966210994,0.6903451725862931,0.4896394610404968
114,1775,1.0,1.0,1.0,1.0,1.0,1.0,0.0,deint,0.0025342702865600586,0.06554079055786133,2,2,0.674405298413751,0.2236118059029515,0.5721140503883362
115,1775,0.18404256191202095,0.043441821852632366,0.3,1.0000000000000007,0.10197501200502128,0.18507681371010365,0.0,mode,0.0025342702865600586,0.06801223754882812,5,2,1.4877613250923463,0.9349674837418709,0.2350514829158783
115,1775,1.0,1.0,1.0,1.0,1.0,1.0,0.0,deint,0.0025342702865600586,0.06801223754882812,2,2,0.1517144788378862,0.009504752376188095,0.38520339131355286
116,1775,0.0,0.0,0.275,1.0,0.0,0.0,0.0,mode,0.002489745616912842,0.05767226219177246,4,1,1.3842944800240704,0.9564782391195598,0.22159144282341003
116,1775,1.0,1.0,1.0,1.0,1.0,1.0,0.0,deint,0.002489745616912842,0.05767226219177246,1,1,-1.000000082690371e-10,0.0,0.0
117,1776,0.799529766387287,0.7958172344221024,0.7925,0.988720194918315,0.6724773882112706,0.8004971607264135,0.4,mode,0.002489745616912842,0.05842399597167969,6,5,1.2745661285611476,0.4882441220610305,0.6576855182647705
117,1776,0.9986485570575641,0.9999628571428094,0.9995,0.997309660836731,0.9999999999999999,0.9986530184998244,0.05,deint,0.002489745616912842,0.05842399597167969,4,5,0.8571169012408377,0.2706353176588294,0.552668035030365
118,1776,0.8681590562769845,0.9402720523417389,0.891,0.9935073173549916,0.7720377163643837,0.8688819665689339,0.15,mode,0.002489745616912842,0.0627903938293457,6,5,0.986663514127383,0.2896448224112056,0.49190467596054077
118,1776,1.0,1.0,1.0,1.0,1.0,1.0,0.0,deint,0.002489745616912842,0.0627903938293457,4,4,0.7617414463301853,0.18459229614807404,0.46344512701034546
119,1776,0.8344802175804374,0.8752390201302125,0.834,0.9788089733157526,0.7280085154358993,0.8349823835940563,0.5,mode,0.002489745616912842,0.06308603286743164,5,4,1.1987182859486607,0.4047023511755878,0.41497802734375
119,1776,0.9851258536504761,0.9943145958492995,0.9975,0.9856955732660846,0.9846059279073518,0.9851504492807995,0.05,deint,0.002489745616912842,0.06308603286743164,3,4,0.8726771198433545,0.24912456228114058,0.391130268573761
120,1776,0.8237336410110931,0.6401370649669921,0.7485,1.0,0.7009620320034979,0.8241948013123628,0.0,mode,0.00248640775680542,0.05668830871582031,6,4,1.6951568214130166,0.5727863931965983,0.21466991305351257
120,1776,1.0,1.0,1.0,1.0,1.0,1.0,0.0,deint,0.00248640775680542,0.05668830871582031,4,4,1.1882405701228362,0.31315657828914456,0.16552414000034332
121,1776,0.9044176415903282,0.9347599714378365,0.889,1.0,0.8260108592874305,0.9047162617748802,0.0,mode,0.00248640775680542,0.0576016902923584,6,4,1.330568163789337,0.36568284142071034,0.11112288385629654
121,1776,1.0,1.0,1.0,1.0,1.0,1.0,0.0,deint,0.00248640775680542,0.0576016902923584,4,4,1.0990637524077354,0.27913956978489246,0.10884622484445572
122,1777,0.7720600889848587,0.6403086337723076,0.7105,1.0000000000000007,0.6293316085244618,0.7725027922270417,0.0,mode,0.00248640775680542,0.06506800651550293,5,3,1.144513150287994,0.5817908954477239,0.45958733558654785
122,1777,0.9950381383740143,0.9998918747696411,0.9955,1.0000000000000002,0.9901429011470524,0.9950470396637014,0.0,deint,0.00248640775680542,0.06506800651550293,4,3,0.7274488368621629,0.19309654827413708,0.20300224423408508
123,1777,0.6321851792264115,0.3644009289981093,0.585,0.945469784084238,0.4760171195233452,0.6332239883096129,0.0,mode,0.00248640775680542,0.0632777214050293,4,4,1.1108770689012306,0.7173586793396698,0.627174973487854
123,1777,1.0,1.0,1.0,1.0,1.0,1.0,0.0,deint,0.00248640775680542,0.0632777214050293,3,3,0.5287965023733077,0.10455227613806903,0.30162709951400757
124,1777,0.6311116116481846,0.44661190440593096,0.5115,0.9999999999999998,0.46135440849512427,0.6314065989922575,0.0,mode,0.0025439858436584473,0.05184578895568848,4,2,1.2862669507995712,0.41670835417708857,0.18482421338558197
124,1777,1.0,1.0,1.0,1.0,1.0,1.0,0.0,deint,0.0025439858436584473,0.05184578895568848,2,2,0.5934249282375049,0.33016508254127064,0.6016674637794495
125,1777,0.15324453966550325,0.03817779194825807,0.5105,1.0,0.08401287906318805,0.15500347032000691,0.0,mode,0.0025439858436584473,0.07526445388793945,4,3,0.7490876021461892,0.7383691845922962,0.44286343455314636
125,1777,1.0,1.0,1.0,1.0,1.0,1.0,0.0,deint,0.0025439858436584473,0.07526445388793945,3,3,0.0629330058604468,0.01150575287643822,0.02110230177640915
126,1778,0.7664153598624898,0.5963470668384147,0.6005,0.9999999999999998,0.6237083467771608,0.768251697437088,0.0,mode,0.0025439858436584473,0.049388885498046875,13,5,1.985222489053588,0.7453726863431716,0.019151577726006508
126,1778,1.0,1.0,1.0,0.9999999999999998,1.0,0.9999999999999999,0.0,deint,0.0025439858436584473,0.049388885498046875,5,5,1.2381998369432743,0.39869934967483744,0.24646805226802826
127,1778,0.7970434903907111,0.800710124781114,0.715,0.9999999999999997,0.6653041479036818,0.7990181838448909,0.0,mode,0.0025439858436584473,0.04699373245239258,13,6,1.8697476521451486,0.6238119059529765,-0.12704554200172424
127,1778,1.0,1.0,1.0,1.0,1.0,1.0,0.0,deint,0.0025439858436584473,0.04699373245239258,5,5,1.2270220886158567,0.4137068534267134,0.05391399562358856
128,1778,0.7672850160355749,0.8851380367619465,0.7375,1.0,0.6242907023021932,0.7686933150788254,0.0,mode,0.002586841583251953,0.054349422454833984,11,4,1.4623938823417248,0.3996998499249625,0.48018577694892883
128,1778,0.9999999999999999,1.0,1.0,0.9999999999999999,1.0,0.9999999999999999,0.0,deint,0.002586841583251953,0.054349422454833984,4,4,0.9129589041362659,0.21460730365182593,0.5013579726219177
129,1778,0.5243861048023596,0.21255626276640713,0.3105,0.9999999999999996,0.3576087217595111,0.5268214854955217,0.0,mode,0.002586841583251953,0.05453896522521973,11,4,2.27821837696967,0.8209104552276139,0.0932018980383873
129,1778,1.0,1.0,1.0,1.0,1.0,1.0,0.0,deint,0.002586841583251953,0.05453896522521973,4,4,0.8147107616705217,0.19159579789894948,0.18614470958709717
130,1778,0.7633128088958836,0.7098497961648846,0.635,1.0,0.6187211517929286,0.7644567455087868,0.0,mode,0.002586841583251953,0.05108046531677246,11,4,1.9644349675740025,0.5727863931965983,0.3530494272708893
130,1778,0.9999999999999998,1.0,1.0,0.9999999999999998,1.0,0.9999999999999999,0.0,deint,0.002586841583251953,0.05108046531677246,4,4,1.215437466040284,0.288144072036018,0.4405857026576996
131,1779,0.8488491964880599,0.9659734031237467,0.8865,0.9999999999999999,0.7401744425183646,0.8506899359436527,0.0,mode,0.002586841583251953,0.06006336212158203,11,5,0.957003063057823,0.2161080540270135,0.779188334941864
131,1779,1.0,1.0,1.0,1.0,1.0,1.0,0.0,deint,0.002586841583251953,0.06006336212158203,4,4,0.5316078724153563,0.10705352676338169,0.7018416523933411
132,1779,0.9623981348256692,0.9989006300598455,0.9825,1.0,0.9282411339669099,0.9627853255648255,0.2,mode,0.0025289058685302734,0.06572699546813965,10,5,0.5347472493992109,0.2621310655327664,0.686344563961029
132,1779,1.0,1.0,1.0,1.0,1.0,1.0,0.2,deint,0.0025289058685302734,0.06572699546813965,4,4,0.15335173396951565,0.031015507753876938,0.6200617551803589
133,1779,0.9509288652230788,0.9982880022645809,0.98,1.0,0.9075662782320401,0.9515436381829789,0.0,mode,0.0025289058685302734,0.0810539722442627,10,5,0.4823082752911273,0.19609804902451225,0.6965091824531555
133,1779,1.0,1.0,1.0,1.0,1.0,1.0,0.0,deint,0.0025289058685302734,0.0810539722442627,4,4,0.17784878379480706,0.03551775887943972,0.7862818241119385
134,1779,0.8869077958579747,0.9957428682198431,0.9795,0.9915972603049718,0.8045852994700243,0.8883557790874811,0.05,mode,0.0025289058685302734,0.0744938850402832,9,5,0.2210440379507656,0.05152576288144072,0.9441760778427124
134,1779,1.0,1.0,1.0,1.0,1.0,1.0,0.0,deint,0.0025289058685302734,0.0744938850402832,4,4,0.17784878379480706,0.03751875937968985,0.9494430422782898
135,1779,0.891804632092907,0.9958632963752508,0.9795,1.0000000000000002,0.8071818666837624,0.8933045218796574,0.1,mode,0.0025289058685302734,0.06666207313537598,10,5,0.23571654984904736,0.058029014507253625,0.9620380997657776
135,1779,1.0,1.0,1.0,1.0,1.0,1.0,0.1,deint,0.0025289058685302734,0.06666207313537598,4,4,0.14877174237506857,0.029014507253626812,0.9648028612136841
136,1780,0.6963814727816259,0.4972115207716912,0.5865,0.9999999999999998,0.5349603271650076,0.6970347281262332,0.0,mode,0.0025097131729125977,0.06999826431274414,6,3,1.5268679808662888,0.4652326163081541,0.0730137899518013
136,1780,1.0,1.0,1.0,1.0,1.0,1.0,0.0,deint,0.0025097131729125977,0.06999826431274414,3,3,0.8168137946029811,0.38819409704852426,0.1627664715051651
137,1780,0.765167797913742,0.5340863790802277,0.6715,1.0000000000000004,0.620568001917335,0.7658648093546526,0.0,mode,0.0025097131729125977,0.05089974403381348,6,4,1.6002049550101964,0.7053526763381691,0.22995012998580933
137,1780,1.0,1.0,1.0,1.0,1.0,1.0,0.0,deint,0.0025097131729125977,0.05089974403381348,4,4,0.9930359915612372,0.31615807903951976,0.1643683761358261
138,1780,0.6522205337954764,0.3895923924793268,0.481,1.0000000000000009,0.4847668482850718,0.6529871660927573,0.0,mode,0.0025097131729125977,0.05388641357421875,7,3,1.8446955773146703,0.7048524262131065,0.37760472297668457
138,1780,1.0,1.0,1.0,1.0,1.0,1.0,0.0,deint,0.0025097131729125977,0.05388641357421875,3,3,0.8942472610995797,0.22811405702851426,0.38520798087120056
139,1780,0.5460424663719754,0.3583259279083817,0.474,0.9999999999999998,0.37606034880291545,0.5465753724101764,0.0,mode,0.0025097131729125977,0.0671699047088623,6,2,1.553609492528504,0.6868434217108554,0.06450383365154266
139,1780,1.0,1.0,1.0,1.0,1.0,1.0,0.0,deint,0.0025097131729125977,0.0671699047088623,2,2,0.5842509276894263,0.21560780390195097,0.6364537477493286
140,1780,0.6295166312661012,0.5449257441825498,0.665,1.0000000000000002,0.45976220086545283,0.6299138319828702,0.0,mode,0.0025228261947631836,0.05759882926940918,5,2,1.2824395754229168,0.44072036018009003,0.09121400862932205
140,1780,1.0,1.0,1.0,1.0,1.0,1.0,0.0,deint,0.0025228261947631836,0.05759882926940918,2,2,0.5896172417032782,0.34067033516758377,0.6842252016067505
141,1781,0.5110441446412173,0.25243695949007305,0.4605,1.0000000000000002,0.34358309646150603,0.511443017356165,0.0,mode,0.0025228261947631836,0.06800699234008789,4,2,1.3719926606618569,0.7393696848424212,0.22745281457901
141,1781,1.0,1.0,1.0,1.0,1.0,1.0,0.0,deint,0.0025228261947631836,0.06800699234008789,2,2,0.47139348661009417,0.06753376688344172,0.5383498072624207
142,1781,0.6109979727702598,0.43035341773977526,0.5295,1.0000000000000002,0.44025313168992447,0.6113552152785149,0.0,mode,0.0025228261947631836,0.05200338363647461,5,2,1.5153934672806815,0.6053026513256629,0.24511945247650146
142,1781,1.0,1.0,1.0,1.0,1.0,1.0,0.0,deint,0.0025228261947631836,0.05200338363647461,2,2,0.6671567197328996,0.13506753376688344,0.5259051322937012
143,1781,0.6405800032706888,0.45075669557039155,0.5675,0.9999999999999998,0.4715067697178213,0.6408489303902262,0.0,mode,0.0025228261947631836,0.05683779716491699,4,2,1.3644125573856025,0.6348174087043522,0.3607368767261505
143,1781,1.0,1.0,1.0,1.0,1.0,1.0,0.0,deint,0.0025228261947631836,0.05683779716491699,2,2,0.6433297574839196,0.11955977988994497,0.63839191198349
144,1781,0.40149771687159774,0.14408157948348074,0.3955,0.9999999999999999,0.25232591038307356,0.40297163588332946,0.0,mode,0.002528846263885498,0.06137895584106445,5,3,1.337830140451064,0.7978989494747374,0.12774993479251862
144,1781,1.0,1.0,1.0,1.0,1.0,1.0,0.0,deint,0.002528846263885498,0.06137895584106445,3,3,0.3375692079533934,0.053526763381690844,0.22533218562602997
145,1781,0.6771404060918645,0.5451838613168315,0.617,0.9999999999999999,0.5121533670534409,0.6773828345882866,0.0,mode,0.002528846263885498,0.0582430362701416,4,2,1.322998650539333,0.5887943971985993,0.32220137119293213
145,1781,1.0,1.0,1.0,1.0,1.0,1.0,0.0,deint,0.002528846263885498,0.0582430362701416,2,2,0.6775782134857395,0.14757378689344672,0.5770500302314758
146,1782,0.8999009264110132,0.7990157207275014,0.8215,1.0,0.8189035403313442,0.9004364686454642,0.0,mode,0.002528846263885498,0.040762901306152344,9,6,2.0768812782342665,0.6063031515757878,0.36000317335128784
146,1782,1.0,1.0,1.0,1.0,1.0,1.0,0.0,deint,0.002528846263885498,0.040762901306152344,5,5,1.5533641924021921,0.48024012006003003,0.23336070775985718
147,1782,0.9358575884118413,0.9664120656071977,0.916,1.0,0.8797859670444608,0.9360490848090814,0.0,mode,0.002528846263885498,0.05223536491394043,6,4,1.353744344214091,0.5482741370685342,0.30943676829338074
147,1782,1.0,1.0,1.0,1.0,1.0,1.0,0.0,deint,0.002528846263885498,0.05223536491394043,4,4,1.1910052771332353,0.4957478739369685,0.24673418700695038
148,1782,0.7887910825606527,0.6708933276004011,0.753,0.9999999999999996,0.6522444386792814,0.7895253552200202,0.0,mode,0.00249636173248291,0.06460714340209961,7,4,1.5865503752966916,0.3586793396698349,0.22398778796195984
148,1782,1.0,1.0,1.0,1.0,1.0,1.0,0.0,deint,0.00249636173248291,0.06460714340209961,4,4,1.0348186590283652,0.25162581290645325,0.5122231245040894
149,1782,0.844624300226664,0.7252639252453686,0.7415,0.9999999999999999,0.731690987063503,0.8450595314401449,0.0,mode,0.00249636173248291,0.0580754280090332,7,4,1.8631726897610708,0.4942471235617809,0.5093479156494141
149,1782,1.0,1.0,1.0,1.0,1.0,1.0,0.0,deint,0.00249636173248291,0.0580754280090332,3,3,1.0686808678343884,0.2896448224112056,0.3601599931716919
150,1782,0.8679101690526134,0.8395885629250708,0.8235,0.9999999999999998,0.7672395338395078,0.868291501121641,0.0,mode,0.00249636173248291,0.05981040000915527,6,4,1.4999288847528107,0.5222611305652827,0.3597525656223297
150,1782,1.0,1.0,1.0,0.9999999999999998,1.0,0.9999999999999999,0.0,deint,0.00249636173248291,0.05981040000915527,4,4,1.150804738390503,0.3706853426713357,0.1940937638282776
151,1783,0.9842126333348897,0.9986077832400152,0.992,1.0000000000000002,0.9689853680281016,0.9842484192744619,0.0,mode,0.00249636173248291,0.06457018852233887,4,3,0.7059841170328396,0.224112056028014,0.6288297176361084
151,1783,0.9842126333348897,0.9986077832400152,0.992,1.0000000000000002,0.9689853680281016,0.9842484192744619,0.0,deint,0.00249636173248291,0.06457018852233887,4,3,0.7059841170328396,0.224112056028014,0.6288297176361084
152,1783,1.0,1.0,1.0,1.0,1.0,1.0,0.0,mode,0.0025162696838378906,0.048456430435180664,2,2,0.6206915636874382,0.1775887943971986,0.8549827337265015
152,1783,1.0,1.0,1.0,1.0,1.0,1.0,0.0,deint,0.0025162696838378906,0.048456430435180664,2,2,0.6206915636874382,0.1775887943971986,0.8549827337265015
153,1783,0.6523782289504628,0.4725128849227515,0.762,0.48436518217534796,1.0000000000000004,0.65262266724083,0.0,mode,0.0025162696838378906,0.05968141555786133,2,3,0.46527357901001765,0.21710855427713857,0.863082230091095
153,1783,0.649094657908256,0.47130254540861344,0.7615,0.480899775355337,1.000000000000001,0.64946971207413,0.1,deint,0.0025162696838378906,0.05968141555786133,2,4,0.46527357901001765,0.21710855427713857,0.863082230091095
154,1783,1.0,1.0,1.0,1.0,1.0,1.0,0.0,mode,0.0025162696838378906,0.043881893157958984,2,2,0.33270589715211507,0.19609804902451225,0.7101168632507324
154,1783,1.0,1.0,1.0,1.0,1.0,1.0,0.0,deint,0.0025162696838378906,0.043881893157958984,2,2,0.33270589715211507,0.19609804902451225,0.7101168632507324
155,1783,1.0,1.0,1.0,1.0,1.0,1.0,0.0,mode,0.0025162696838378906,0.04908871650695801,2,2,0.6618181175312265,0.09104552276138068,0.8436769843101501
155,1783,1.0,1.0,1.0,1.0,1.0,1.0,0.0,deint,0.0025162696838378906,0.04908871650695801,2,2,0.6618181175312265,0.09104552276138068,0.8436769843101501
156,1784,0.8152468628112215,0.8198662458414575,0.7735,0.9999999999999998,0.6902486968389517,0.8167421730658128,0.15,mode,0.002484738826751709,0.0640106201171875,12,6,1.7402024490070986,0.6823411705852926,0.29122525453567505
156,1784,1.0,1.0,1.0,1.0,1.0,1.0,0.0,deint,0.002484738826751709,0.0640106201171875,5,5,1.1912573506647046,0.5412706353176588,0.2620314061641693
157,1784,0.8119692317483442,0.7681422699241429,0.738,0.9999999999999998,0.6851535509035611,0.8131645339217772,0.0,mode,0.002484738826751709,0.06644773483276367,10,5,1.7650201299395838,0.6843421710855427,0.049680791795253754
157,1784,1.0,1.0,1.0,1.0,1.0,1.0,0.0,deint,0.002484738826751709,0.06644773483276367,5,5,1.2093098096295247,0.48774387193596797,0.09913510829210281
158,1784,0.6037182690548166,0.2695172059142341,0.388,0.9999999999999998,0.43502296657289874,0.6062940826819159,0.0,mode,0.002484738826751709,0.07978630065917969,11,5,2.2377300890873304,0.7973986993496749,-0.04254896566271782
158,1784,1.0,1.0,1.0,1.0,1.0,1.0,0.0,deint,0.002484738826751709,0.07978630065917969,5,5,0.9734639817227331,0.2866433216608304,-0.01582375168800354
159,1784,0.9164909665486388,0.9926084248290838,0.9525,1.0,0.846668140126083,0.9169683731786005,0.0,mode,0.002484738826751709,0.08404207229614258,7,3,0.6372643248605914,0.1660830415207604,0.9028528928756714
159,1784,1.0,1.0,1.0,1.0,1.0,1.0,0.0,deint,0.002484738826751709,0.08404207229614258,3,3,0.5395514009910887,0.1345672836418209,0.9174246788024902
160,1784,0.9290287384050434,0.9971966773874288,0.9785,0.9999999999999998,0.8685801948029623,0.9296686299241784,0.0,mode,0.002490401268005371,0.060186147689819336,7,3,0.3464793134130377,0.12556278139069535,0.9498802423477173
160,1784,1.0,1.0,1.0,1.0,1.0,1.0,0.0,deint,0.002490401268005371,0.060186147689819336,3,3,0.30094506984749914,0.11105552776388194,0.9570001363754272
161,1785,0.8259041157087124,0.8001194848917973,0.79,1.0000000000000002,0.703938300349209,0.8262485797812542,0.0,mode,0.002490401268005371,0.04638934135437012,6,3,1.49060512774041,0.4442221110555278,0.22337019443511963
161,1785,1.0,1.0,1.0,1.0,1.0,1.0,0.0,deint,0.002490401268005371,0.04638934135437012,3,3,1.0492940402357624,0.271135567783892,0.212978333234787
162,1785,0.36994391325514087,0.16933855636807135,0.4965,1.0000000000000002,0.22787637238273198,0.37117152428062583,0.0,mode,0.002490401268005371,0.07369875907897949,5,2,0.9221169699758409,0.7878939469734867,0.8203836679458618
162,1785,1.0,1.0,1.0,1.0,1.0,1.0,0.0,deint,0.002490401268005371,0.07369875907897949,2,2,0.21012866994458942,0.08704352176088044,0.8621716499328613
163,1785,0.6185662075129438,0.4680792860039912,0.5515,1.0000000000000007,0.4481483273982483,0.6189260021497857,0.0,mode,0.002490401268005371,0.05303025245666504,5,2,1.4673974651213577,0.753376688344172,0.25054100155830383
163,1785,1.0,1.0,1.0,1.0,1.0,1.0,0.0,deint,0.002490401268005371,0.05303025245666504,2,2,0.6576117196466399,0.21710855427713857,0.7098203897476196
164,1785,0.42623027402632946,0.22300525930343076,0.568,1.000000000000001,0.2716311497971902,0.4272168857148744,0.0,mode,0.0025327205657958984,0.07583045959472656,5,2,0.9714089155969854,0.6863431715857929,0.17766550183296204
164,1785,1.0,1.0,1.0,1.0,1.0,1.0,0.0,deint,0.0025327205657958984,0.07583045959472656,2,2,0.2638649206026663,0.10755377688844422,0.8756024241447449
165,1785,0.5957440063420464,0.3820029072031887,0.5325,0.9999999999999992,0.4254309151461947,0.596915516038968,0.0,mode,0.0025327205657958984,0.056174278259277344,6,3,1.2814350072103236,0.775887943971986,0.20519985258579254
165,1785,1.0,1.0,1.0,1.0,1.0,1.0,0.0,deint,0.0025327205657958984,0.056174278259277344,3,3,0.5451620677731177,0.23761880940470234,0.5722699165344238
166,1786,0.8314799024171236,0.7698817095723921,0.6925,1.0,0.712411662696715,0.8320565413281585,0.0,mode,0.0025327205657958984,0.05801749229431152,8,4,1.8136642491286703,0.5877938969484743,0.06867475062608719
166,1786,1.0,1.0,1.0,1.0,1.0,1.0,0.0,deint,0.0025327205657958984,0.05801749229431152,4,4,1.292075563465274,0.32566283141570784,0.2848806083202362
167,1786,0.5916123784382182,0.2950315763559328,0.449,1.0000000000000009,0.4211562476180591,0.592695206208243,0.0,mode,0.0025327205657958984,0.07840442657470703,7,3,1.6295827829609364,0.8799399699849925,0.08970990031957626
167,1786,1.0,1.0,1.0,0.9999999999999999,1.0,0.9999999999999999,0.0,deint,0.0025327205657958984,0.07840442657470703,3,3,0.686308970049631,0.1855927963981991,0.6315021514892578
168,1786,0.7232111637405727,0.4258455720781192,0.569,0.9999999999999997,0.567431751868263,0.724027379427431,0.0,mode,0.002549111843109131,0.07047772407531738,6,4,1.6432129895787253,0.775887943971986,0.06795714050531387
168,1786,1.0,1.0,1.0,1.0000000000000002,1.0,1.0000000000000002,0.0,deint,0.002549111843109131,0.07047772407531738,4,4,0.9324112253098011,0.23611805902951477,0.4711657762527466
169,1786,0.6195352177473537,0.46350855313527994,0.5175,1.0000000000000002,0.44914726067481053,0.6198780108319156,0.0,mode,0.002549111843109131,0.07750773429870605,5,2,1.534421993675652,0.5332666333166584,0.09295294433832169
169,1786,1.0,1.0,1.0,1.0,1.0,1.0,0.0,deint,0.002549111843109131,0.07750773429870605,2,2,0.6891814352031744,0.15607803901950976,0.7509913444519043
170,1786,0.6561512881299785,0.5810380135838044,0.62,0.9999999999999993,0.4886262748174881,0.6564794442814677,0.0,mode,0.002549111843109131,0.07731962203979492,5,2,1.4108080698551824,0.5247623811905953,0.09614360332489014
170,1786,1.0,1.0,1.0,1.0,1.0,1.0,0.0,deint,0.002549111843109131,0.07731962203979492,2,2,0.689357891700102,0.13656828414207103,0.7368459701538086
171,1787,0.9346831965181478,0.9968908212372076,0.983,1.0,0.8783721628543955,0.9352482753147398,0.0,mode,0.002549111843109131,0.07780265808105469,5,3,0.25262275327426215,0.061530765382691345,0.9728730916976929
171,1787,1.0,1.0,1.0,1.0,1.0,1.0,0.0,deint,0.002549111843109131,0.07780265808105469,3,3,0.22189679431893203,0.057028514257128564,0.96942138671875
172,1787,0.9398545344085865,0.9979315899893028,0.9885,0.9999999999999999,0.8874987571847267,0.9403966533026633,0.0,mode,0.002492845058441162,0.06820893287658691,5,3,0.1914619360142285,0.04702351175587794,0.9647602438926697
172,1787,1.0,1.0,1.0,1.0,1.0,1.0,0.0,deint,0.002492845058441162,0.06820893287658691,3,3,0.16992223040455887,0.04402201100550275,0.965360701084137
173,1787,0.9366066209908163,0.997293067768804,0.9845,0.9999999999999999,0.8817679476641167,0.9371696959326746,0.0,mode,0.002492845058441162,0.07632136344909668,5,3,0.23057486761545581,0.061030515257628815,0.9706312417984009
173,1787,1.0,1.0,1.0,1.0,1.0,1.0,0.0,deint,0.002492845058441162,0.07632136344909668,3,3,0.20331352794108992,0.058029014507253625,0.9651944637298584
174,1787,0.9477403904896102,0.9975983778577074,0.986,1.0,0.9017737326294841,0.9483501818932458,0.0,mode,0.002492845058441162,0.0681757926940918,6,4,0.28398092454184515,0.07403701850925462,0.953491747379303
174,1787,1.0,1.0,1.0,1.0,1.0,1.0,0.0,deint,0.002492845058441162,0.0681757926940918,4,4,0.2560865384607358,0.06853426713356678,0.9496520757675171
175,1787,0.9506472094804111,0.9972943692335475,0.98,1.0,0.9069743303349257,0.9512181846471233,0.0,mode,0.002492845058441162,0.07348251342773438,6,4,0.3412473557315277,0.08554277138569284,0.9418438076972961
175,1787,1.0,1.0,1.0,1.0,1.0,1.0,0.0,deint,0.002492845058441162,0.07348251342773438,4,4,0.3095025920873511,0.07803901950975488,0.9411206841468811
176,1788,0.9369669402882059,0.9634771897404432,0.9675,1.0,0.8817579424648496,0.937164044924785,0.0,mode,0.002497732639312744,0.05013561248779297,5,3,0.7282779784897259,0.04702351175587794,-0.04785793274641037
176,1788,1.0,1.0,1.0,1.0,1.0,1.0,0.0,deint,0.002497732639312744,0.05013561248779297,3,3,0.6421648919964398,0.003501750875437719,0.7143039703369141
177,1789,0.7344596552718552,0.5572381024006319,0.633,0.9999999999999998,0.5812286579267465,0.7351607941242778,0.0,mode,0.002497732639312744,0.0591585636138916,8,3,1.7224916399454422,0.6698349174587294,0.3984127640724182
177,1789,0.9586122006427998,0.98004115930098,0.9655,1.0,0.9206244300396959,0.9586719981695413,0.0,deint,0.002497732639312744,0.0591585636138916,4,3,1.0874809223008508,0.3231615807903952,0.37601420283317566
178,1789,0.8687322325295821,0.855428801024801,0.8175,1.0000000000000002,0.7689124540510971,0.8693617960461103,0.0,mode,0.002497732639312744,0.06121540069580078,7,5,1.4748663457532645,0.4592296148074037,0.4086321294307709
178,1789,1.0,1.0,1.0,1.0,1.0,1.0,0.0,deint,0.002497732639312744,0.06121540069580078,4,4,1.067327832532481,0.25212606303151575,0.4995627701282501
179,1789,0.6902466698511641,0.4266065982649081,0.6005,0.9999999999999996,0.5283732764593753,0.6914191508024834,0.0,mode,0.002497732639312744,0.0619807243347168,8,4,1.8752557917721084,0.7123561780890445,0.17137964069843292
179,1789,1.0,1.0,1.0,1.0,1.0,1.0,0.0,deint,0.002497732639312744,0.0619807243347168,4,4,0.9908350469207476,0.28064032016008006,0.23770199716091156
180,1789,0.6620177368117947,0.41205285319807644,0.5685,1.0000000000000004,0.49571207555687474,0.662844251454364,0.0,mode,0.0025212764739990234,0.0687246322631836,8,3,1.9262319010761693,0.6873436718359179,0.20203782618045807
180,1789,1.0,1.0,1.0,1.0,1.0,1.0,0.0,deint,0.0025212764739990234,0.0687246322631836,3,3,0.954856413782902,0.27313656828414207,0.45393621921539307
181,1789,0.8435098920665678,0.8096921937010596,0.7795,0.9999999999999998,0.7300808744199769,0.8439846774963536,0.0,mode,0.0025212764739990234,0.06770992279052734,6,4,1.4489406949110906,0.45672836418209106,0.4406130611896515
181,1789,1.0,1.0,1.0,1.0,1.0,1.0,0.0,deint,0.0025212764739990234,0.06770992279052734,4,4,1.0578438895614264,0.22111055527763882,0.4116324484348297
182,1790,0.7579019959947386,0.7050263036504169,0.68,1.0000000000000002,0.6108844453471415,0.7584460165489989,0.0,mode,0.0025212764739990234,0.07079839706420898,7,3,1.6658732025196314,0.5572786393196598,0.29537272453308105
182,1790,1.0,1.0,1.0,1.0,1.0,1.0,0.0,deint,0.0025212764739990234,0.07079839706420898,3,3,1.0176560274674902,0.2786393196598299,0.3677830696105957
183,1790,0.7159334433240067,0.7447656592116376,0.6855,1.0000000000000004,0.5584936474282114,0.7167095590666336,0.0,mode,0.0025212764739990234,0.07375931739807129,7,3,1.4470033309809496,0.5557778889444722,0.4594322443008423
183,1790,1.0,1.0,1.0,1.0,1.0,1.0,0.0,deint,0.0025212764739990234,0.07375931739807129,3,3,0.8081421682512671,0.2896448224112056,0.479979008436203
184,1790,0.5910579850881775,0.21466760853787195,0.3865,1.0000000000000007,0.4213825262032642,0.59291924367305,0.0,mode,0.002497255802154541,0.09082198143005371,10,4,2.1486237125017786,0.8294147073536768,0.1562689244747162
184,1790,1.0,1.0,1.0,1.0,1.0,1.0,0.0,deint,0.002497255802154541,0.09082198143005371,4,4,0.9053924878556173,0.1855927963981991,0.3022419512271881
185,1790,0.7752405109941101,0.7776505812200754,0.6865,0.9868750167010728,0.6399164908455427,0.7763964769436084,0.1,mode,0.002497255802154541,0.08112978935241699,9,5,1.7275592966997058,0.5582791395697849,0.4087258577346802
185,1790,0.9763825949712642,0.984372681109352,0.992,0.9624455915646389,0.9908920639612269,0.9764616946568053,0.1,deint,0.002497255802154541,0.08112978935241699,4,6,1.1191696922501233,0.3136568284142071,0.4992128908634186
186,1790,0.8218776602630586,0.9151847453498259,0.794,1.0000000000000002,0.6989989192365735,0.8228362141050225,0.0,mode,0.002497255802154541,0.07906866073608398,9,4,1.360232786257591,0.43121560780390195,0.6032153367996216
186,1790,1.0,1.0,1.0,1.0,1.0,1.0,0.0,deint,0.002497255802154541,0.07906866073608398,4,4,0.9508012477333081,0.288144072036018,0.6501891016960144
187,1791,0.9468416482992804,0.9970607765238997,0.984,0.9999999999999998,0.900114293193346,0.9474317375725932,0.0,mode,0.002497255802154541,0.09183096885681152,6,4,0.3295819156565511,0.07153576788394198,0.9054402112960815
187,1791,1.0,1.0,1.0,1.0,1.0,1.0,0.0,deint,0.002497255802154541,0.09183096885681152,3,3,0.18625558874363216,0.03751875937968985,0.9081423282623291
188,1791,0.9552790209710567,0.9990285560288901,0.994,1.0,0.9151734919719591,0.9557081860292985,0.2,mode,0.002534627914428711,0.06870865821838379,6,4,0.14287046464913672,0.03801900950475238,0.7969490885734558
188,1791,1.0,1.0,1.0,1.0,1.0,1.0,0.2,deint,0.002534627914428711,0.06870865821838379,3,3,0.07718987284534727,0.013006503251625813,0.9389468431472778
189,1791,0.9388148742290595,0.9987476606957515,0.995,0.9999999999999998,0.8854696248012746,0.9392563138158235,0.05,mode,0.002534627914428711,0.0616765022277832,6,4,0.09370328130153208,0.02001000500250125,0.7486879825592041
189,1791,1.0,1.0,1.0,1.0,1.0,1.0,0.0,deint,0.002534627914428711,0.0616765022277832,3,3,0.07867788104699217,0.014007003501750876,0.968319833278656
190,1791,0.9314472315184531,0.9984367634795625,0.994,0.9999999999999999,0.8725118848609805,0.931915991471272,0.0,mode,0.002534627914428711,0.07380986213684082,5,3,0.0978651945142482,0.021010505252626314,0.9723085761070251
190,1791,1.0,1.0,1.0,1.0,1.0,1.0,0.0,deint,0.002534627914428711,0.07380986213684082,3,3,0.08538854546416919,0.015007503751875938,0.977099597454071
191,1791,0.9756275734518374,0.9995548333984003,0.994,1.0,0.9528231019728804,0.9758416940175185,0.0,mode,0.002534627914428711,0.059366464614868164,6,4,0.24880789473587792,0.09154577288644322,0.8762273192405701
191,1791,1.0,1.0,1.0,1.0,1.0,1.0,0.0,deint,0.002534627914428711,0.059366464614868164,3,3,0.08093742817715213,0.013006503251625813,0.972149670124054
192,1792,0.783810152474526,0.7040647851544249,0.6895,0.9999999999999998,0.6454805748477684,0.7845496139114071,0.0,mode,0.0025290846824645996,0.05226278305053711,7,4,1.6393337389375247,0.6463231615807904,-0.0932457447052002
192,1792,1.0000000000000002,1.0,1.0,1.0000000000000002,1.0,1.0000000000000002,0.0,deint,0.0025290846824645996,0.05226278305053711,4,4,1.0581580842285716,0.38369184592296146,-0.019818337634205818
193,1792,0.5346714111000838,0.21119381915505941,0.4125,0.9999999999999991,0.3659980454127765,0.535869061660596,0.0,mode,0.0025290846824645996,0.06300854682922363,7,3,1.762357969625232,0.8779389694847424,0.06037651747465134
193,1792,0.9834643051941461,0.9981848876663373,0.9935,1.0,0.9675441264672159,0.9835043732457174,0.0,deint,0.0025290846824645996,0.06300854682922363,4,3,0.6666564908256943,0.2051025512756378,0.10635670274496078
194,1792,0.48554330072414514,0.23100776263133907,0.4015,0.9999999999999996,0.32110562764685907,0.48611650866828765,0.0,mode,0.0025290846824645996,0.05514264106750488,6,2,1.705348957859546,0.8654327163581791,0.029887409880757332
194,1792,1.0,1.0,1.0,1.0,1.0,1.0,0.0,deint,0.0025290846824645996,0.05514264106750488,2,2,0.5475971474630703,0.20210105052526264,0.37931129336357117
195,1792,0.6733567279050322,0.4973919785485297,0.507,0.9999999999999999,0.5084906623401074,0.6741714417393748,0.0,mode,0.0025290846824645996,0.06130504608154297,8,3,1.8734471836061277,0.7323661830915458,-0.034522127360105515
195,1792,0.9999999999999999,1.0,1.0,0.9999999999999999,1.0,0.9999999999999999,0.0,deint,0.0025290846824645996,0.06130504608154297,3,3,0.9526303993578811,0.23961980990495246,0.28372886776924133
196,1792,0.6651180572927966,0.4528292667093825,0.481,0.9999999999999999,0.49918809859725655,0.6659445856918572,0.0,mode,0.0025249719619750977,0.06129884719848633,8,3,1.9069924001879257,0.7943971985992997,-0.02575003355741501
196,1792,1.0,1.0,1.0,1.0,1.0,1.0,0.0,deint,0.0025249719619750977,0.06129884719848633,3,3,0.9519479103885796,0.23961980990495246,0.24611037969589233
197,1793,0.14095859538283723,0.03426720055043648,0.3535,1.0000000000000038,0.07654892934459204,0.14221170493605972,0.0,mode,0.0025249719619750977,0.07100248336791992,5,2,1.1776771180146521,0.9454727363681841,0.30135631561279297
197,1793,0.9466117222666942,0.9982215033932724,0.9955,1.0000000000000002,0.8990542012559635,0.9468441718634073,0.0,deint,0.0025249719619750977,0.07100248336791992,3,2,0.10027195483905914,0.03301650825412707,0.2192719280719757
198,1793,0.0,0.0,0.348,1.0,0.0,0.0,0.0,mode,0.0025249719619750977,0.06160283088684082,3,1,1.0967127485942754,0.9474737368684342,0.3859659731388092
198,1793,1.0,1.0,1.0,1.0,1.0,1.0,0.0,deint,0.0025249719619750977,0.06160283088684082,1,1,-1.000000082690371e-10,0.0,0.0
199,1793,0.08525141888253066,0.017579268402993616,0.3515,1.0000000000000102,0.04509605316617284,0.08630030326791882,0.0,mode,0.0025249719619750977,0.06946325302124023,4,2,1.1387727005248436,0.9429714857428715,0.3052597641944885
199,1793,1.0,1.0,1.0,1.0,1.0,1.0,0.0,deint,0.0025249719619750977,0.06946325302124023,2,2,0.05135415406509297,0.018009004502251125,0.23099285364151
200,1793,0.12789738782002336,0.029733885321621533,0.3565,0.9999999999999974,0.0689316538948128,0.12897298652098096,0.0,mode,0.002489805221557617,0.06106972694396973,4,2,1.1600829431250308,0.9409704852426213,0.30726081132888794
200,1793,1.0,1.0,1.0,1.0,1.0,1.0,0.0,deint,0.002489805221557617,0.06106972694396973,2,2,0.07996643575234345,0.031015507753876938,0.2376195788383484
201,1794,0.6586373960846043,0.4946723140870194,0.5915,0.9999999999999997,0.4913049390240305,0.6588926599352108,0.0,mode,0.002489805221557617,0.06600093841552734,4,2,1.347061804119852,0.6803401700850426,0.5058921575546265
201,1794,1.0,1.0,1.0,1.0,1.0,1.0,0.0,deint,0.002489805221557617,0.06600093841552734,2,2,0.6618181175312265,0.17108554277138568,0.5896297097206116
202,1794,0.4909184829397517,0.2513834257687345,0.419,0.9999999999999989,0.3258727753486125,0.4915596449484837,0.0,mode,0.002489805221557617,0.06491661071777344,6,2,1.5184054348455684,0.8764382191095548,0.2738567590713501
202,1794,1.0,1.0,1.0,1.0,1.0,1.0,0.0,deint,0.002489805221557617,0.06491661071777344,2,2,0.49480699315306664,0.192096048024012,0.47553887963294983
203,1794,0.24069898641759024,0.07273276009609146,0.3565,0.8572185253997447,0.14115738675180126,0.24239913132498178,0.0,mode,0.002489805221557617,0.058275699615478516,4,3,1.2233314885351287,0.9334667333666833,0.25162068009376526
203,1794,1.0,1.0,1.0,1.0,1.0,1.0,0.0,deint,0.002489805221557617,0.058275699615478516,2,2,0.17268227590927326,0.04602301150575288,0.29813727736473083
204,1794,0.6719076559156811,0.5103232296673014,0.5965,1.0000000000000004,0.5066337132506447,0.6725373377681225,0.0,mode,0.0025472044944763184,0.06770920753479004,5,3,1.3621738667274366,0.6878439219609805,0.3875430226325989
204,1794,1.0,1.0,1.0,1.0,1.0,1.0,0.0,deint,0.0025472044944763184,0.06770920753479004,3,3,0.6901232041464268,0.2061030515257629,0.40697136521339417
205,1794,0.0,0.0,0.343,1.0,0.0,0.0,0.0,mode,0.0025472044944763184,0.07015848159790039,3,1,1.0977627943511108,0.9404702351175588,0.3043993413448334
205,1794,1.0,1.0,1.0,1.0,1.0,1.0,0.0,deint,0.0025472044944763184,0.07015848159790039,1,1,-1.000000082690371e-10,0.0,0.0
206,1795,0.5483839989555808,0.4051357798321112,0.4595,1.0000000000000002,0.3783781312204267,0.5490193476668233,0.0,mode,0.0025472044944763184,0.049762725830078125,8,2,1.8115194820680314,0.5857928964482241,0.05810614675283432
206,1795,1.0,1.0,1.0,1.0,1.0,1.0,0.0,deint,0.0025472044944763184,0.049762725830078125,2,2,0.6854393563969993,0.3021510755377689,0.5084355473518372
207,1795,0.35991269009046023,0.10910485675763675,0.3255,0.9999999999999983,0.22092265869610442,0.361894600157623,0.0,mode,0.0025472044944763184,0.06058311462402344,8,3,1.9236017393877392,0.8834417208604303,0.1337692141532898
207,1795,1.0,1.0,1.0,1.0,1.0,1.0,0.0,deint,0.0025472044944763184,0.06058311462402344,3,3,0.424967210414729,0.080040020010005,0.1827232539653778
208,1795,0.16008133501749977,0.031467756667481764,0.2385,1.0000000000000033,0.08777327420643657,0.1613815604551782,0.0,mode,0.0025022029876708984,0.05908465385437012,7,2,1.840367751700416,0.9599799899949975,0.05146132782101631
208,1795,1.0,1.0,1.0,1.0,1.0,1.0,0.0,deint,0.0025022029876708984,0.05908465385437012,2,2,0.16153510317212477,0.04602301150575288,0.12168730795383453
209,1795,0.0,0.0,0.2135,1.0,0.0,0.0,0.0,mode,0.0025022029876708984,0.07169055938720703,6,1,1.7468248922976246,0.9719859929964982,0.039595481008291245
209,1795,1.0,1.0,1.0,1.0,1.0,1.0,0.0,deint,0.0025022029876708984,0.07169055938720703,1,1,-1.000000082690371e-10,0.0,0.0
210,1795,0.6004582877244162,0.5473915040192878,0.5865,1.0,0.42957272189090245,0.6009805801592305,0.0,mode,0.0025022029876708984,0.04891347885131836,7,2,1.6105448056844702,0.647823911955978,0.2949161231517792
210,1795,1.0,1.0,1.0,1.0,1.0,1.0,0.0,deint,0.0025022029876708984,0.04891347885131836,2,2,0.6918461160058338,0.2526263131565783,0.49052849411964417
211,1796,0.9405481344541792,0.9504383609111079,0.895,1.0,0.888197225786744,0.9407886143002505,0.0,mode,0.0025022029876708984,0.052158355712890625,7,5,1.61834040208288,0.7493746873436719,0.4139591157436371
211,1796,1.0,1.0,1.0,1.0,1.0,1.0,0.0,deint,0.0025022029876708984,0.052158355712890625,4,4,1.0835540649125253,0.3936968484242121,0.13850954174995422
212,1796,0.8580412905997171,0.761462808302656,0.7535,0.9999999999999998,0.7520292075257415,0.8584665190459644,0.0,mode,0.0024889111518859863,0.0538332462310791,7,4,1.740576981872748,0.6828414207103551,0.19536538422107697
212,1796,1.0,1.0,1.0,1.0,1.0,1.0,0.0,deint,0.0024889111518859863,0.0538332462310791,3,3,1.096660358895496,0.29314657328664334,0.2201048582792282
213,1796,0.7943325294475964,0.8333175233913153,0.933,1.000000000000002,0.660457384556085,0.7955125987562223,0.0,mode,0.0024889111518859863,0.07361865043640137,6,3,0.5866494365097559,0.13056528264132067,0.7680383324623108
213,1796,1.0,1.0,1.0,1.0,1.0,1.0,0.0,deint,0.0024889111518859863,0.07361865043640137,3,3,0.38745695258480845,0.09204602301150576,0.7345761656761169
214,1796,0.9064471397875906,0.9970623706785745,0.9895,0.9999999999999999,0.8298819900132683,0.9070333437264454,0.05,mode,0.0024889111518859863,0.05834317207336426,5,3,0.11138291112408277,0.032016008004002,0.6730498671531677
214,1796,1.0,1.0,1.0,1.0,1.0,1.0,0.0,deint,0.0024889111518859863,0.05834317207336426,2,2,0.08814317563796481,0.027013506753376687,0.97492915391922
215,1796,0.9027793081905235,0.9972118553454236,0.9895,1.0,0.8236675678720878,0.9033088950889978,0.0,mode,0.0024889111518859863,0.0674130916595459,4,2,0.09959597730592651,0.028514257128564282,0.9754692912101746
215,1796,1.0,1.0,1.0,1.0,1.0,1.0,0.0,deint,0.0024889111518859863,0.0674130916595459,2,2,0.08203397652688318,0.02501250625312656,0.9769216179847717
216,1797,0.9349348129912207,0.9980748362579446,0.982,0.9999999999999999,0.8796951658737976,0.9359976892475129,0.0,mode,0.0025115013122558594,0.058771610260009766,9,5,0.26776676814140715,0.06603301650825413,0.9128054976463318
216,1797,1.0,1.0,1.0,1.0000000000000002,1.0,1.0000000000000002,0.0,deint,0.0025115013122558594,0.058771610260009766,4,4,0.18686815106898264,0.0400200100050025,0.9314093589782715
217,1797,0.8765632550318716,0.8161033678297074,0.8045,1.0000000000000002,0.7818386908903753,0.8775639398644944,0.0,mode,0.0025115013122558594,0.04710078239440918,12,6,1.995170621582702,0.5907953976988495,0.33478668332099915
217,1797,1.0,1.0,1.0,1.0,1.0,1.0,0.0,deint,0.0025115013122558594,0.04710078239440918,5,5,1.1687511341856702,0.416208104052026,0.4117981195449829
218,1797,0.951050109989188,0.9954583082311634,0.959,1.0000000000000002,0.9078679012561862,0.951709393148681,0.0,mode,0.0025115013122558594,0.07369613647460938,11,6,0.7632882056642328,0.3216608304152076,0.4380781650543213
218,1797,1.0000000000000002,1.0,1.0,1.0000000000000002,1.0,1.0000000000000002,0.0,deint,0.0025115013122558594,0.07369613647460938,5,5,0.38737370454899545,0.1040520260130065,0.8016265630722046
219,1797,0.9547847453069415,0.995728681224377,0.962,1.0,0.9145931475054555,0.955391644117278,0.0,mode,0.0025115013122558594,0.05705666542053223,11,6,0.7688544280958302,0.33016508254127064,0.5601887106895447
219,1797,1.0,1.0,1.0,1.0,1.0,1.0,0.0,deint,0.0025115013122558594,0.05705666542053223,5,5,0.38690767610449506,0.10755377688844422,0.6977302432060242
220,1797,0.9661540318218224,0.9991073135137813,0.9795,1.0,0.9354480319145101,0.9666475322400486,0.0,mode,0.002492368221282959,0.06323766708374023,11,6,0.5912299284429446,0.25962981490745374,0.7744302749633789
220,1797,1.0,1.0,1.0,1.0,1.0,1.0,0.0,deint,0.002492368221282959,0.06323766708374023,5,5,0.23927428678794682,0.05902951475737869,0.7872599363327026
221,1798,0.9107079352075327,0.8882994802865043,0.845,1.0,0.8364229887811209,0.9109262886501714,0.0,mode,0.002492368221282959,0.045117855072021484,5,4,1.3489300209289024,0.4932466233116558,0.5917239189147949
221,1798,1.0,1.0,1.0,1.0,1.0,1.0,0.0,deint,0.002492368221282959,0.045117855072021484,4,4,1.1282760797801439,0.35417708854427216,0.48088201880455017
222,1798,0.9533303480651919,0.9947082776100795,0.9765,0.9999999999999999,0.9114992003026019,0.953700843984979,0.0,mode,0.002492368221282959,0.06013846397399902,5,4,0.42729782047381987,0.08554277138569284,0.8613175749778748
222,1798,0.9999999999999999,1.0,1.0,0.9999999999999999,1.0,0.9999999999999999,0.0,deint,0.002492368221282959,0.06013846397399902,4,4,0.38948162170868117,0.06253126563281641,0.8414095044136047
223,1798,0.9683087427671483,0.9991497089586625,0.9955,0.9999999999999999,0.9391051500529606,0.9685964167825678,0.0,mode,0.002492368221282959,0.05903458595275879,5,4,0.13036831249855713,0.03751875937968985,0.901795506477356
223,1798,1.0,1.0,1.0,1.0,1.0,1.0,0.0,deint,0.002492368221282959,0.05903458595275879,4,4,0.12242955374066133,0.03701850925462731,0.8975502252578735
224,1798,0.9675138633162502,0.9990191153738833,0.994,1.0,0.9376653567909613,0.9678300264849276,0.0,mode,0.002485513687133789,0.06870079040527344,5,4,0.14877732149354453,0.04302151075537769,0.921550989151001
224,1798,1.0000000000000002,1.0,1.0,1.0000000000000002,1.0,1.0000000000000002,0.0,deint,0.002485513687133789,0.06870079040527344,4,4,0.13950334030948067,0.04302151075537769,0.9163387417793274
225,1798,0.9727514549897109,0.9993766692678012,0.9955,1.0,0.9474296243843898,0.9730052501218223,0.0,mode,0.002485513687133789,0.05780220031738281,5,4,0.130898591274424,0.03601800900450225,0.9446677565574646
225,1798,1.0000000000000002,1.0,1.0,1.0000000000000002,1.0,1.0000000000000002,0.0,deint,0.002485513687133789,0.05780220031738281,4,4,0.12401720323728813,0.03601800900450225,0.9410174489021301
226,1799,0.0,0.0,0.232,1.0,0.0,0.0,0.0,mode,0.002485513687133789,0.07024002075195312,5,1,1.5842613429752284,0.9729864932466233,0.17676955461502075
226,1799,1.0,1.0,1.0,1.0,1.0,1.0,0.0,deint,0.002485513687133789,0.07024002075195312,1,1,-1.000000082690371e-10,0.0,0.0
227,1799,0.17522115169538396,0.03784032302243131,0.274,1.0000000000000004,0.09671401687430102,0.17637053121640883,0.0,mode,0.002485513687133789,0.05763888359069824,6,2,1.686905555490653,0.9604802401200601,0.20449869334697723
227,1799,1.0,1.0,1.0,1.0,1.0,1.0,0.0,deint,0.002485513687133789,0.05763888359069824,2,2,0.1631474122171038,0.048024012006003,0.29787060618400574
228,1799,0.32193935524248085,0.098019069271767,0.301,1.0000000000000009,0.19252488513994614,0.3228861511218742,0.0,mode,0.002529621124267578,0.06323099136352539,7,2,1.8214606243258673,0.9194597298649325,0.20167995989322662
228,1799,1.0,1.0,1.0,1.0,1.0,1.0,0.0,deint,0.002529621124267578,0.06323099136352539,2,2,0.3506764974200394,0.08504252126063032,0.306571364402771
229,1799,0.4728115014652793,0.2141231762590596,0.3495,1.0000000000000002,0.31013708185441763,0.4734421857832432,0.0,mode,0.002529621124267578,0.06870293617248535,7,2,1.9194705603651816,0.8424212106053026,0.2297675609588623
229,1799,1.0,1.0,1.0,1.0,1.0,1.0,0.0,deint,0.002529621124267578,0.06870293617248535,2,2,0.5952989983142176,0.17858929464732365,0.3644663393497467
230,1799,0.8281645395946945,0.9631562099806712,0.865,1.0,0.7079294683871676,0.828991456018005,0.0,mode,0.002529621124267578,0.07274031639099121,8,3,0.8933000824975728,0.1805902951475738,0.7886582612991333
230,1799,1.0,1.0,1.0,1.0,1.0,1.0,0.0,deint,0.002529621124267578,0.07274031639099121,3,3,0.6323934527790632,0.060530265132566284,0.819526731967926
231,1800,0.8415097043587962,0.7529008654922145,0.793,0.9999999999999997,0.7274647819454881,0.8422339946360121,0.0,mode,0.002529621124267578,0.05517292022705078,7,5,1.5755833464484064,0.39569784892446225,0.5386908054351807
231,1800,1.0,1.0,1.0,1.0,1.0,1.0,0.0,deint,0.002529621124267578,0.05517292022705078,4,4,1.0682722403656162,0.10505252626313157,0.7296546697616577
232,1800,0.9047085547908601,0.9972128403540705,0.991,1.0,0.8268608058267809,0.9052258422639586,0.0,mode,0.0024848580360412598,0.06731605529785156,4,2,0.10169261255215017,0.02351175587793897,0.9742357134819031
232,1800,1.0,1.0,1.0,1.0,1.0,1.0,0.0,deint,0.0024848580360412598,0.06731605529785156,2,2,0.08408563569224581,0.014507253626813406,0.9813166260719299
233,1800,0.9146657872879728,0.9983923057668113,0.995,0.9999999999999999,0.8434125800381034,0.9150556844096941,0.0,mode,0.0024848580360412598,0.0592350959777832,4,2,0.06639874166324652,0.015007503751875938,0.9790818095207214
233,1800,1.0,1.0,1.0,1.0,1.0,1.0,0.0,deint,0.0024848580360412598,0.0592350959777832,2,2,0.05600153415484735,0.010005002501250625,0.9842251539230347
234,1800,0.9418511547118968,0.9991558524229325,0.998,0.9999999999999999,0.8905013241145827,0.9420795561004427,0.0,mode,0.0024848580360412598,0.06932568550109863,4,2,0.05501297753008473,0.015007503751875938,0.9848138093948364
234,1800,1.0,1.0,1.0,1.0,1.0,1.0,0.0,deint,0.0024848580360412598,0.06932568550109863,2,2,0.04898912949022676,0.013006503251625813,0.9874746203422546
235,1800,0.9045800090539727,0.9972770994781383,0.991,1.0,0.8266443467159726,0.9050961104739987,0.0,mode,0.0024848580360412598,0.0585172176361084,4,2,0.09923732826834603,0.02301150575287644,0.9835883378982544
235,1800,1.0,1.0,1.0,1.0,1.0,1.0,0.0,deint,0.0024848580360412598,0.0585172176361084,2,2,0.08203397652688318,0.014007003501750876,0.9892958998680115
236,1801,0.4782722650779693,0.22130631767004524,0.445,0.9999999999999994,0.3146756945340314,0.4787122723000729,0.0,mode,0.0024862289428710938,0.07260584831237793,4,2,1.3570199386485147,0.8884442221110556,0.27272674441337585
236,1801,1.0,1.0,1.0,1.0,1.0,1.0,0.0,deint,0.0024862289428710938,0.07260584831237793,2,2,0.4270211916166204,0.16058029014507252,0.46879470348358154
237,1801,0.24095999782110997,0.07189668624881526,0.3725,0.9999999999999999,0.1375321047484691,0.24180786489341358,0.0,mode,0.0024862289428710938,0.07788395881652832,4,2,1.2211268633335535,0.9069534767383692,0.2201392501592636
237,1801,1.0,1.0,1.0,1.0,1.0,1.0,0.0,deint,0.0024862289428710938,0.07788395881652832,2,2,0.16794414753417297,0.015507753876938469,0.41520750522613525
238,1801,0.6893250714849675,0.5809433804289864,0.6345,1.0000000000000002,0.5262048364328838,0.6895599121055782,0.0,mode,0.0024862289428710938,0.06437087059020996,4,2,1.3021317829708519,0.6498249124562281,0.37707939743995667
238,1801,1.0,1.0,1.0,1.0,1.0,1.0,0.0,deint,0.0024862289428710938,0.06437087059020996,2,2,0.6851880418827185,0.2176088044022011,0.5401153564453125
239,1801,0.816505373341526,0.9351391796522225,0.861,1.0000000000000002,0.6902247617288225,0.8167254170656403,0.0,mode,0.0024862289428710938,0.07223224639892578,4,2,0.7446221851760518,0.20560280140070036,0.8266839981079102
239,1801,1.0,1.0,1.0,1.0,1.0,1.0,0.0,deint,0.0024862289428710938,0.07223224639892578,2,2,0.5139566704172255,0.022511255627813906,0.8776905536651611
240,1801,0.9022290062157621,0.9969743132635569,0.989,0.9999999999999996,0.8227690287095593,0.9027682780983431,0.0,mode,0.002544999122619629,0.06841182708740234,4,2,0.10712991426901658,0.028514257128564282,0.9785723686218262
240,1801,1.0,1.0,1.0,1.0,1.0,1.0,0.0,deint,0.002544999122619629,0.06841182708740234,2,2,0.08814317563796481,0.022011005502751375,0.9860471487045288
241,1802,0.0,0.0,0.346,1.0,0.0,0.0,0.0,mode,0.002544999122619629,0.05859732627868652,3,1,1.0972063156118266,0.9349674837418709,0.4200494885444641
241,1802,1.0,1.0,1.0,1.0,1.0,1.0,0.0,deint,0.002544999122619629,0.05859732627868652,1,1,-1.000000082690371e-10,0.0,0.0
242,1802,0.49199090059190287,0.23379800010310653,0.4505,0.9999999999999999,0.3266235208071894,0.4924132818155584,0.0,mode,0.002544999122619629,0.07198858261108398,4,2,1.3637363576678752,0.8754377188594297,0.4604448974132538
242,1802,1.0,1.0,1.0,1.0,1.0,1.0,0.0,deint,0.002544999122619629,0.07198858261108398,2,2,0.44542837052490314,0.16808404202101052,0.45425763726234436
243,1802,0.15396630657795476,0.038767989746807605,0.353,1.0000000000000058,0.08416455545487887,0.1552615883472898,0.0,mode,0.002544999122619629,0.07728195190429688,5,2,1.1878955067906634,0.9494747373686844,0.28192195296287537
243,1802,1.0,1.0,1.0,1.0,1.0,1.0,0.0,deint,0.002544999122619629,0.07728195190429688,2,2,0.09997869709796633,0.03801900950475238,0.20156772434711456
244,1802,0.0,0.0,0.3455,1.0,0.0,0.0,0.0,mode,0.002488255500793457,0.05985426902770996,3,1,1.0973179670654698,0.9389694847423712,0.41941118240356445
244,1802,1.0,1.0,1.0,1.0,1.0,1.0,0.0,deint,0.002488255500793457,0.05985426902770996,1,1,-1.000000082690371e-10,0.0,0.0
245,1802,0.504049123579138,0.25208966305428304,0.3735,1.0000000000000004,0.3380271545406104,0.5052620246061695,0.0,mode,0.002488255500793457,0.0600283145904541,6,3,1.5326399873689613,0.9069534767383692,0.44747334718704224
245,1802,1.0,1.0,1.0,1.0,1.0,1.0,0.0,deint,0.002488255500793457,0.0600283145904541,3,3,0.5180739337683035,0.01950975487743872,0.3343057632446289
246,1803,0.965339050203293,0.9883054374535069,0.948,1.0,0.9333141604956349,0.9655069823275545,0.0,mode,0.002488255500793457,0.05763697624206543,7,5,1.333720668564367,0.6263131565782891,0.40318363904953003
246,1803,0.9909141262043113,0.9983693465044665,0.992,0.9999999999999998,0.982065756610989,0.9909517414701337,0.0,deint,0.002488255500793457,0.05763697624206543,6,5,1.2675122595420927,0.6178089044522261,0.3653237223625183
247,1803,0.9494617567483253,0.9738073633696533,0.915,1.0000000000000004,0.9042025896119538,0.9496915869610452,0.0,mode,0.002488255500793457,0.05701303482055664,7,5,1.4206074886208877,0.5682841420710355,0.34858185052871704
247,1803,0.9854940949097339,0.9958131990228412,0.986,1.0000000000000002,0.9715140130559855,0.9855512125425582,0.0,deint,0.002488255500793457,0.05701303482055664,6,5,1.3221805890813754,0.5387693846923461,0.2820701003074646
248,1803,0.8634848581895544,0.7340613646678044,0.7765,1.0000000000000002,0.7600261697366699,0.8636532601675837,0.0,mode,0.002484440803527832,0.058293819427490234,4,3,1.384322313364906,0.6188094047023511,0.5729767084121704
248,1803,1.0,1.0,1.0,1.0,1.0,1.0,0.0,deint,0.002484440803527832,0.058293819427490234,3,3,1.0521211855117456,0.35417708854427216,0.4038282334804535
249,1803,0.9151264162804437,0.955599755967452,0.9005,0.9999999999999999,0.8437864957818114,0.9152757086704064,0.0,mode,0.002484440803527832,0.06698846817016602,4,3,0.9320141220082427,0.41720860430215106,0.5983663201332092
249,1803,1.0,1.0,1.0,1.0,1.0,1.0,0.0,deint,0.002484440803527832,0.06698846817016602,3,3,0.7864209300660113,0.36818409204602304,0.5225260853767395
250,1803,0.8672208635328634,0.9248638788563663,0.87,1.0,0.7659916624270485,0.8674918219877961,0.0,mode,0.002484440803527832,0.07247495651245117,4,3,0.8017644978301603,0.3486743371685843,0.20857645571231842
250,1803,1.0,1.0,1.0,1.0,1.0,1.0,0.0,deint,0.002484440803527832,0.07247495651245117,3,3,0.614144920574309,0.2221110555277639,0.11191491782665253
251,1804,0.9648960536229086,0.989804919901958,0.9525,1.0,0.9322740397941139,0.9649501267361112,0.0,mode,0.002484440803527832,0.07229208946228027,4,3,1.0168383101142722,0.7623811905952976,0.7900615334510803
251,1804,1.0,1.0,1.0,1.0,1.0,1.0,0.0,deint,0.002484440803527832,0.07229208946228027,2,2,0.323982969951047,0.08854427213606804,0.8158525228500366
252,1804,0.6403199329301361,0.436046740787109,0.631,0.9999999999999997,0.47205503748340266,0.6413551470064855,0.0,mode,0.002516031265258789,0.05640673637390137,6,3,1.2346425460864467,0.3726863431715858,0.7760617136955261
252,1804,1.0,1.0,1.0,1.0,1.0,1.0,0.0,deint,0.002516031265258789,0.05640673637390137,3,3,0.5828192333546743,0.3121560780390195,0.38064056634902954
253,1804,0.8596463266884834,0.8422830875776789,0.802,0.9999999999999998,0.7541983215989414,0.8598780563323011,0.0,mode,0.002516031265258789,0.04947209358215332,5,3,1.3865450185841592,0.5067533766883442,0.5951771140098572
253,1804,1.0,1.0,1.0,1.0,1.0,1.0,0.0,deint,0.002516031265258789,0.04947209358215332,3,3,1.0457299259146455,0.3461730865432716,0.42529478669166565
254,1804,0.942777705251779,0.9678277925155401,0.9145,1.0,0.8920440597099903,0.9429421636689809,0.0,mode,0.002516031265258789,0.06769418716430664,5,4,1.1385624863875943,0.5932966483241621,0.6886559128761292
254,1804,1.0,1.0,1.0,1.0,1.0,1.0,0.0,deint,0.002516031265258789,0.06769418716430664,3,3,0.5671502388925125,0.25062531265632815,0.33793795108795166
255,1804,0.58678795786239,0.3746607869149096,0.5965,1.0000000000000004,0.4164352716142951,0.5880046620692926,0.0,mode,0.002516031265258789,0.0728297233581543,6,3,1.1546385606176266,0.6673336668334167,0.6775678992271423
255,1804,1.0,1.0,1.0,1.0,1.0,1.0,0.0,deint,0.002516031265258789,0.0728297233581543,3,3,0.4808322225570013,0.24412206103051526,0.41952502727508545
256,1805,0.8516656071773016,0.9313124191379497,0.8175,1.0000000000000002,0.74283087949399,0.8524417236739138,0.0,mode,0.0024870634078979492,0.06682252883911133,9,4,1.364860183106438,0.41420710355177587,0.4926287531852722
256,1805,1.0,1.0,1.0,1.0,1.0,1.0,0.0,deint,0.0024870634078979492,0.06682252883911133,4,4,1.0138602904718308,0.3006503251625813,0.5294607877731323
257,1805,0.8167199788053867,0.8580384751522953,0.708,1.0000000000000002,0.6914568676250122,0.8175873483500555,0.0,mode,0.0024870634078979492,0.060868024826049805,10,4,1.7174970707405477,0.535767883941971,0.35531625151634216
257,1805,0.9756054098431987,0.991961562687456,0.961,1.0,0.9524884502680994,0.9756661558098452,0.0,deint,0.0024870634078979492,0.060868024826049805,5,4,1.2468131708792225,0.38619309654827416,0.3873107433319092
258,1805,0.7347283820092365,0.5126824086190832,0.538,0.9978835248698863,0.583461897411801,0.7363691785650195,0.15,mode,0.0024870634078979492,0.05643129348754883,13,5,2.3145937256736944,0.696848424212106,0.04895403981208801
258,1805,0.9915885876461413,0.9941174683688154,0.9955,1.0000000000000002,0.9833556699627761,0.9916079953337185,0.0,deint,0.0024870634078979492,0.05643129348754883,5,4,1.3668518777256793,0.3281640820410205,0.10199438780546188
259,1805,0.7317177982964891,0.4520436252371234,0.542,1.0,0.5782136227294904,0.7327444325686163,0.0,mode,0.0024870634078979492,0.05894899368286133,9,4,2.0325481263835528,0.7293646823411706,0.19875626266002655
259,1805,1.0,1.0,1.0,1.0,1.0,1.0,0.0,deint,0.0024870634078979492,0.05894899368286133,4,4,1.1752470156486647,0.3306653326663332,0.2847807705402374
260,1805,0.8339149749383284,0.880127327040119,0.792,1.0,0.7161623528940505,0.8346090935817931,0.0,mode,0.0024866461753845215,0.06466841697692871,8,4,1.4957894142184176,0.5202601300650325,0.18467022478580475
260,1805,1.0,1.0,1.0,1.0,1.0,1.0,0.0,deint,0.0024866461753845215,0.06466841697692871,4,4,1.0712280664936054,0.38369184592296146,0.3661884069442749
261,1806,0.6542661492157491,0.33613255917475826,0.521,1.0,0.48778333254062317,0.6557182378265479,0.0,mode,0.0024866461753845215,0.06756353378295898,9,4,1.9555379119813163,0.7478739369684843,0.34542861580848694
261,1806,0.9952249396284267,0.9998191303313044,0.995,1.0000000000000002,0.9905248601063511,0.9952398786453025,0.0,deint,0.0024866461753845215,0.06756353378295898,5,4,0.9630033914112007,0.2606303151575788,0.1602833867073059
262,1806,0.42840109452396913,0.13789131253272255,0.2975,1.000000000000001,0.2742765259730865,0.4304819564397742,0.0,mode,0.0024866461753845215,0.09196615219116211,10,3,2.011768776595111,0.8829414707353677,0.3154250979423523
262,1806,0.9801136127757745,0.9969465550822258,0.9945,1.0000000000000002,0.9611099718612502,0.980169379230763,0.0,deint,0.0024866461753845215,0.09196615219116211,4,3,0.5741080283735972,0.1730865432716358,-0.024878162890672684
263,1806,0.39484914854247166,0.14517865771603955,0.352,0.999999999999999,0.24661197884196295,0.3956515467965461,0.0,mode,0.0024866461753845215,0.10622048377990723,7,2,1.8291783324118582,0.8749374687343672,0.34511613845825195
263,1806,1.0,1.0,1.0,1.0,1.0,1.0,0.0,deint,0.0024866461753845215,0.10622048377990723,2,2,0.451097288183559,0.16208104052026012,0.3835354745388031
264,1806,0.47644206272149575,0.22106201733891118,0.423,1.0000000000000009,0.313208496117977,0.4770125947918613,0.0,mode,0.002550184726715088,0.05796408653259277,6,2,1.7520711916463219,0.7628814407203601,0.4997330605983734
264,1806,1.0,1.0,1.0,1.0,1.0,1.0,0.0,deint,0.002550184726715088,0.05796408653259277,2,2,0.5487635830151016,0.09954977488744372,0.47723162174224854
265,1806,0.34215017626353256,0.100765240845502,0.328,0.9999999999999989,0.207773280512484,0.3440600713145787,0.0,mode,0.002550184726715088,0.06752586364746094,7,3,1.7709983664330309,0.8599299649824912,0.397759348154068
265,1806,1.0,1.0,1.0,1.0,1.0,1.0,0.0,deint,0.002550184726715088,0.06752586364746094,3,3,0.3679661402214826,0.057528764382191094,0.03993532434105873
266,1807,0.7778516946939268,0.6008488182984865,0.668,1.0000000000000002,0.6377215190551846,0.7787911578802379,0.0,mode,0.002550184726715088,0.05676984786987305,10,4,2.002204055082683,0.6238119059529765,0.27332091331481934
266,1807,0.9782286224233139,0.9929435316850902,0.9835,0.9999999999999998,0.9575098857810715,0.9782937932893379,0.0,deint,0.002550184726715088,0.05676984786987305,6,4,1.3335095861568347,0.3426713356678339,0.2977393865585327
267,1807,0.5536916177739848,0.20689129751761548,0.388,1.0000000000000002,0.3846712666318733,0.5556138498743637,0.0,mode,0.002550184726715088,0.07337713241577148,9,4,2.0729562698592066,0.8419209604802401,0.09275409579277039
267,1807,1.0,1.0,1.0,0.9999999999999999,1.0,0.9999999999999999,0.0,deint,0.002550184726715088,0.07337713241577148,4,4,0.7974067139454286,0.22861430715357678,0.18467073142528534
268,1807,0.6061093414418056,0.2336219742390285,0.4625,0.9999999999999998,0.43632162282500164,0.6075542077641787,0.0,mode,0.002549588680267334,0.07494354248046875,8,4,2.0145905413162875,0.8704352176088044,0.09188511222600937
268,1807,1.0,1.0,1.0,1.0,1.0,1.0,0.0,deint,0.002549588680267334,0.07494354248046875,4,4,0.8790094142640786,0.3026513256628314,0.21034058928489685
269,1807,0.8016388321440528,0.9021800664458386,0.8165,0.9999999999999999,0.6697990616896926,0.8022510936278928,0.0,mode,0.002549588680267334,0.07825636863708496,7,3,1.1868817453149187,0.4072036018009004,0.5532772541046143
269,1807,1.0,1.0,1.0,1.0,1.0,1.0,0.0,deint,0.002549588680267334,0.07825636863708496,3,3,0.7949722795174166,0.271135567783892,0.591616690158844
270,1807,0.7534977935776466,0.5680251679630303,0.651,0.9999999999999998,0.6055984702091826,0.754358554078945,0.0,mode,0.002549588680267334,0.06596064567565918,8,4,1.893275222455454,0.7338669334667334,0.14411701261997223
270,1807,1.0,1.0,1.0,0.9999999999999998,1.0,0.9999999999999999,0.0,deint,0.002549588680267334,0.06596064567565918,4,4,1.1465645784884513,0.3981990995497749,0.2149801105260849
271,1808,0.911281924543599,0.9607677512436439,0.854,1.0,0.8379129915828982,0.9118092047015214,0.0,mode,0.002549588680267334,0.065673828125,9,5,1.5114257143614245,0.5852926463231616,0.6007717251777649
271,1808,0.9881522386037662,0.9974812451553989,0.988,0.9999999999999998,0.9766750210882946,0.9881998919079457,0.0,deint,0.002549588680267334,0.065673828125,6,5,1.2966884733397173,0.5162581290645323,0.5975517630577087
272,1808,0.9227065904479093,0.9505875520343847,0.862,1.0,0.8571383707812479,0.9230743215118354,0.0,mode,0.0025280117988586426,0.05906844139099121,8,5,1.6188491159214329,0.6263131565782891,0.22664786875247955
272,1808,1.0,1.0,1.0,1.0,1.0,1.0,0.0,deint,0.0025280117988586426,0.05906844139099121,5,5,1.3875776939472717,0.5637818909454727,0.26477906107902527
273,1808,0.6576374029982801,0.3892860929442562,0.4695,0.9284099074583072,0.5103015634845427,0.6586018627070963,0.0,mode,0.0025280117988586426,0.0679769515991211,6,4,1.736631986051819,0.7183591795897949,0.1969553530216217
273,1808,1.0,1.0,1.0,1.0,1.0,1.0,0.0,deint,0.0025280117988586426,0.0679769515991211,3,3,0.8862060176856907,0.22761380690345173,0.3602902293205261
274,1808,0.8661833939664882,0.9169643397966908,0.8505,1.0,0.7643694380606951,0.8664505534632826,0.0,mode,0.0025280117988586426,0.07263994216918945,5,3,1.143764488142458,0.5312656328164082,0.34456866979599
274,1808,1.0,1.0,1.0,1.0,1.0,1.0,0.0,deint,0.0025280117988586426,0.07263994216918945,2,2,0.5656070448398599,0.24862431215607803,0.7316163182258606
275,1808,0.9627956516628199,0.9948658518462702,0.9615,1.0000000000000002,0.9284206936216824,0.962881902991879,0.0,mode,0.0025280117988586426,0.07289576530456543,5,3,0.9377873841420048,0.663831915957979,0.2417844831943512
275,1808,1.0,1.0,1.0,1.0,1.0,1.0,0.0,deint,0.0025280117988586426,0.07289576530456543,2,2,0.2337916585064593,0.0895447723861931,0.8669349551200867
276,1809,0.9112835139134964,0.8946364727021012,0.8495,1.0,0.8372151208444225,0.9113958527182391,0.0,mode,0.002509176731109619,0.04721784591674805,4,3,1.2922568341066716,0.35567783891945975,0.6232457160949707
276,1809,0.9999999999999998,1.0,1.0,0.9999999999999998,1.0,0.9999999999999999,0.0,deint,0.002509176731109619,0.04721784591674805,3,3,1.0818969615635339,0.19759879939969985,0.5151569843292236
277,1809,0.9410804798790045,0.9986502307595198,0.995,0.9999999999999998,0.8891559886052403,0.9413261731358691,0.0,mode,0.002509176731109619,0.07085227966308594,3,2,0.06555280710298225,0.021010505252626314,0.9881342053413391
277,1809,1.0,1.0,1.0,1.0,1.0,1.0,0.0,deint,0.002509176731109619,0.07085227966308594,2,2,0.05828667107224758,0.021010505252626314,0.9853816628456116
278,1809,0.941811393527279,0.998674740847231,0.9955,0.9999999999999997,0.8904546115419654,0.942053415200123,0.0,mode,0.002509176731109619,0.0630941390991211,3,2,0.06545720607160253,0.021010505252626314,0.9916302561759949
278,1809,1.0,1.0,1.0,1.0,1.0,1.0,0.0,deint,0.002509176731109619,0.0630941390991211,2,2,0.05828667107224758,0.021010505252626314,0.987289547920227
279,1809,0.9397720944973683,0.9983055644969013,0.9945,1.0,0.8868630762790982,0.9400396747685539,0.0,mode,0.002509176731109619,0.07322812080383301,3,2,0.08065151127246298,0.027013506753376687,0.9914824962615967
279,1809,1.0,1.0,1.0,1.0,1.0,1.0,0.0,deint,0.002509176731109619,0.07322812080383301,2,2,0.07152684745971383,0.027013506753376687,0.9878514409065247
280,1809,0.9407473310995825,0.9985392838208271,0.995,1.0,0.8885761458732497,0.9410011323238283,0.0,mode,0.002525627613067627,0.06327652931213379,3,2,0.07065890174945727,0.02301150575287644,0.9933111667633057
280,1809,1.0,1.0,1.0,1.0,1.0,1.0,0.0,deint,0.002525627613067627,0.06327652931213379,2,2,0.06278581465474227,0.02301150575287644,0.9900678992271423
281,1810,1.0,1.0,1.0,1.0,1.0,1.0,0.0,mode,0.002525627613067627,0.06149411201477051,2,2,0.6773998456407953,0.0005002501250625312,0.5003699660301208
281,1810,1.0,1.0,1.0,1.0,1.0,1.0,0.0,deint,0.002525627613067627,0.06149411201477051,2,2,0.6773998456407953,0.0005002501250625312,0.5003699660301208
282,1810,1.0,1.0,1.0,1.0,1.0,1.0,0.0,mode,0.002525627613067627,0.08275055885314941,1,1,-1.000000082690371e-10,0.0,0.0
282,1810,1.0,1.0,1.0,1.0,1.0,1.0,0.0,deint,0.002525627613067627,0.08275055885314941,1,1,-1.000000082690371e-10,0.0,0.0
283,1810,1.0,1.0,1.0,1.0,1.0,1.0,0.0,mode,0.002525627613067627,0.08815193176269531,1,1,-1.000000082690371e-10,0.0,0.0
283,1810,1.0,1.0,1.0,1.0,1.0,1.0,0.0,deint,0.002525627613067627,0.08815193176269531,1,1,-1.000000082690371e-10,0.0,0.0
284,1810,1.0,1.0,1.0,1.0,1.0,1.0,0.0,mode,0.0024866461753845215,0.06990551948547363,1,1,-1.000000082690371e-10,0.0,0.0
284,1810,1.0,1.0,1.0,1.0,1.0,1.0,0.0,deint,0.0024866461753845215,0.06990551948547363,1,1,-1.000000082690371e-10,0.0,0.0
285,1810,1.0,1.0,1.0,1.0,1.0,1.0,0.0,mode,0.0024866461753845215,0.0669851303100586,1,1,-1.000000082690371e-10,0.0,0.0
285,1810,1.0,1.0,1.0,1.0,1.0,1.0,0.0,deint,0.0024866461753845215,0.0669851303100586,1,1,-1.000000082690371e-10,0.0,0.0
286,1811,0.8986070712987492,0.9922317012968855,0.9545,1.0,0.8180327581901076,0.8999098113110762,0.0,mode,0.0024866461753845215,0.0615234375,8,4,0.47014001553286316,0.11405702851425713,0.8911314010620117
286,1811,1.0,1.0,1.0,1.0,1.0,1.0,0.0,deint,0.0024866461753845215,0.0615234375,4,4,0.38458993389631435,0.07903951975987994,0.9255962371826172
287,1811,0.8960991116987728,0.9924769978027616,0.96,1.0,0.813966544937292,0.897443833469851,0.0,mode,0.0024866461753845215,0.07099747657775879,8,4,0.4228096884823455,0.10205102551275638,0.8974869251251221
287,1811,1.0,1.0,1.0,1.0,1.0,1.0,0.0,deint,0.0024866461753845215,0.07099747657775879,4,4,0.34415294155116083,0.06953476738369184,0.9348610639572144
288,1811,0.898492604705222,0.9925495638065093,0.9555,0.9999999999999999,0.8178786011082111,0.8998165230721321,0.0,mode,0.0024930238723754883,0.06186103820800781,8,4,0.45081319836140615,0.10855427713856929,0.9207154512405396
288,1811,1.0,1.0,1.0,1.0,1.0,1.0,0.0,deint,0.0024930238723754883,0.06186103820800781,4,4,0.3687104682912482,0.07303651825912956,0.9336763620376587
289,1811,0.8940864557311176,0.9906868987146676,0.953,1.0,0.8105882455791888,0.8953866209596317,0.0,mode,0.0024930238723754883,0.0911102294921875,8,4,0.48209216207802763,0.12056028014007003,0.8991667032241821
289,1811,1.0000000000000002,1.0,1.0,1.0000000000000002,1.0,1.0000000000000002,0.0,deint,0.0024930238723754883,0.0911102294921875,4,4,0.39077824011477696,0.08104052026013006,0.9277255535125732
290,1811,0.903673560181048,0.9931358242361512,0.958,1.0000000000000002,0.826389347615437,0.9049432408203478,0.0,mode,0.0024930238723754883,0.06894922256469727,8,4,0.45660894107682504,0.10755377688844422,0.9100831151008606
290,1811,1.0,1.0,1.0,1.0,1.0,1.0,0.0,deint,0.0024930238723754883,0.06894922256469727,4,4,0.3773367651929645,0.07453726863431716,0.9300792217254639
291,1812,1.0,1.0,1.0,1.0,1.0,1.0,0.0,mode,0.0024930238723754883,0.0642557144165039,2,2,0.4744126703931132,0.1730865432716358,0.6249719262123108
291,1812,1.0,1.0,1.0,1.0,1.0,1.0,0.0,deint,0.0024930238723754883,0.0642557144165039,2,2,0.4744126703931132,0.1730865432716358,0.6249719262123108
292,1813,0.6729900877371807,0.46922939401802294,0.716,1.0000000000000004,0.5078234308564429,0.6735847453544339,0.0,mode,0.0024823546409606934,0.06418991088867188,4,3,1.0469834928041455,0.5982991495747874,0.5613195896148682
292,1813,1.0,1.0,1.0,0.9999999999999998,1.0,0.9999999999999999,0.0,deint,0.0024823546409606934,0.06418991088867188,3,3,0.5316827492689924,0.2046023011505753,0.22249113023281097
293,1813,0.8375264304592032,0.7876943371364704,0.8015,0.9999999999999999,0.720912690917163,0.8378259916637043,0.0,mode,0.0024823546409606934,0.04845857620239258,5,3,1.274820181386217,0.4137068534267134,0.22672976553440094
293,1813,1.0,1.0,1.0,1.0,1.0,1.0,0.0,deint,0.0024823546409606934,0.04845857620239258,3,3,0.9190340474590999,0.22661330665332666,0.18400445580482483
294,1813,0.878442739217838,0.9389241975353124,0.9075,0.9999999999999998,0.7836477659587728,0.8787023771339009,0.0,mode,0.0024823546409606934,0.06004810333251953,4,3,0.7635686578827259,0.31465732866433216,0.7731755971908569
294,1813,1.0,1.0,1.0,1.0,1.0,1.0,0.0,deint,0.0024823546409606934,0.06004810333251953,3,3,0.5983688729193959,0.2256128064032016,0.6528214812278748
295,1813,0.8778075179904249,0.7998283025852962,0.839,1.0,0.7824730915361094,0.8779634264905346,0.0,mode,0.0024823546409606934,0.049320220947265625,4,3,1.322107993444273,0.344672336168084,0.7626292705535889
295,1813,1.0,1.0,1.0,1.0,1.0,1.0,0.0,deint,0.0024823546409606934,0.049320220947265625,2,2,0.6851880418827185,0.1375687843921961,0.6354278922080994
296,1814,0.728683327741565,0.5881635293268878,0.622,1.0000000000000002,0.5752543933486824,0.7303638012725097,0.0,mode,0.0025223493576049805,0.047281503677368164,10,5,1.9298829666419408,0.5877938969484743,0.2128676474094391
296,1814,1.0,1.0,1.0,1.0,1.0,1.0,0.0,deint,0.0025223493576049805,0.047281503677368164,5,5,1.1101736552848196,0.21660830415207605,0.45435887575149536
297,1814,0.49017676438005703,0.17685269428896983,0.3065,1.0,0.32594015606594356,0.49163629983574225,0.0,mode,0.0025223493576049805,0.06413817405700684,9,3,2.144932311408631,0.8549274637318659,-0.06866633892059326
297,1814,1.0,1.0,1.0,1.0,1.0,1.0,0.0,deint,0.0025223493576049805,0.06413817405700684,3,3,0.6991195723247601,0.17658829414707353,0.3307856619358063
298,1814,0.4129958299938486,0.15020090527652089,0.285,0.999999999999999,0.2608690533254357,0.4137924594745434,0.0,mode,0.0025223493576049805,0.06320881843566895,8,2,2.0532367232493822,0.8739369684842421,-0.0688028410077095
298,1814,1.0,1.0,1.0,1.0,1.0,1.0,0.0,deint,0.0025223493576049805,0.06320881843566895,2,2,0.5356259202557814,0.144072036018009,0.5366036891937256
299,1814,0.496098082846051,0.17197556381024837,0.3525,0.999999999999999,0.3311528197777098,0.4975429039514925,0.0,mode,0.0025223493576049805,0.07637619972229004,9,3,2.122242006069513,0.8874437218609305,0.03160664439201355
299,1814,1.0,1.0,1.0,1.0,1.0,1.0,0.0,deint,0.0025223493576049805,0.07637619972229004,3,3,0.702786424558661,0.23611805902951477,0.47174862027168274
300,1814,0.7329735366305369,0.7913763963517635,0.7135,1.0000000000000002,0.5795144155585611,0.7337880678393535,0.0,mode,0.002543807029724121,0.056288957595825195,8,3,1.4783268598290125,0.48724362181090547,0.42980101704597473
300,1814,0.9999999999999999,1.0,1.0,0.9999999999999999,1.0,0.9999999999999999,0.0,deint,0.002543807029724121,0.056288957595825195,3,3,0.8567117263419445,0.23261630815407705,0.6304850578308105
301,1815,0.7487800473448776,0.6600052174510125,0.66,0.9965374386898844,0.6020318240934968,0.7506052642940501,0.2,mode,0.002543807029724121,0.056082725524902344,12,5,1.7380287904145484,0.5927963981990996,0.039673130959272385
301,1815,0.9788376807565163,0.9964645518822114,0.981,0.9916055521217548,0.9665443726277397,0.9789145909165426,0.15,deint,0.002543807029724121,0.056082725524902344,5,5,1.0743699138137597,0.2991495747873937,0.14230376482009888
302,1815,0.8824910077690655,0.9965726963545298,0.9875,0.9999999999999997,0.7908519149787804,0.883213076820091,0.0,mode,0.002543807029724121,0.07332944869995117,5,2,0.11399090074013848,0.029514757378689346,0.9666771292686462
302,1815,1.0,1.0,1.0,1.0,1.0,1.0,0.0,deint,0.002543807029724121,0.07332944869995117,2,2,0.09014992233592059,0.02301150575287644,0.9735886454582214
303,1815,0.8821656416704118,0.996396606768012,0.9875,0.9999999999999997,0.7903421171927366,0.8828950730735152,0.0,mode,0.002543807029724121,0.0708622932434082,5,2,0.1190893830680538,0.031015507753876938,0.9726614356040955
303,1815,1.0,1.0,1.0,1.0,1.0,1.0,0.0,deint,0.002543807029724121,0.0708622932434082,2,2,0.09412135534435351,0.0240120060030015,0.9780346751213074
304,1815,0.8842312232160723,0.996959109852841,0.989,1.0000000000000002,0.7935990861420344,0.8849236067008006,0.0,mode,0.002494215965270996,0.06939697265625,5,2,0.10336954485277924,0.027013506753376687,0.9827839136123657
304,1815,1.0,1.0,1.0,1.0,1.0,1.0,0.0,deint,0.002494215965270996,0.06939697265625,2,2,0.08203397652688318,0.022011005502751375,0.9855290055274963
305,1815,0.876068193449651,0.9957983145358447,0.9855,1.0,0.7807240402412795,0.8768613469558093,0.0,mode,0.002494215965270996,0.06899046897888184,5,2,0.13298015075232308,0.0335167583791896,0.9847606420516968
305,1815,1.0,1.0,1.0,1.0,1.0,1.0,0.0,deint,0.002494215965270996,0.06899046897888184,2,2,0.10382080075761012,0.0240120060030015,0.9821838140487671
306,1816,0.8522183603422777,0.9754235902972397,0.93,1.0000000000000002,0.7429214459858094,0.8525013536288293,0.0,mode,0.002494215965270996,0.0663611888885498,4,2,0.46076650195493585,0.1135567783891946,0.8953867554664612
306,1816,1.0,1.0,1.0,1.0,1.0,1.0,0.0,deint,0.002494215965270996,0.0663611888885498,2,2,0.34231331599135295,0.02451225612806403,0.9042386412620544
307,1816,0.9045318166750747,0.9973450463653779,0.991,1.0000000000000004,0.8265602532328367,0.9050457019087154,0.0,mode,0.002494215965270996,0.06846094131469727,4,2,0.09674604520233726,0.028514257128564282,0.9690959453582764
307,1816,1.0,1.0,1.0,1.0,1.0,1.0,0.0,deint,0.002494215965270996,0.06846094131469727,2,2,0.07996643575234345,0.026013006503251626,0.9733962416648865
308,1816,0.9040754468794837,0.9973997006938257,0.9905,1.0,0.8257998071615814,0.9045896531727466,0.0,mode,0.002481520175933838,0.07107949256896973,4,2,0.09431160967265444,0.027013506753376687,0.974097490310669
308,1816,1.0,1.0,1.0,1.0,1.0,1.0,0.0,deint,0.002481520175933838,0.07107949256896973,2,2,0.07788250921109635,0.0240120060030015,0.9776663780212402
309,1816,0.9050695640245182,0.997574986112034,0.991,1.0,0.8274338140255805,0.9055691184818999,0.0,mode,0.002481520175933838,0.07122111320495605,4,2,0.08902622681078157,0.025512756378189096,0.9844755530357361
309,1816,1.0,1.0,1.0,1.0,1.0,1.0,0.0,deint,0.002481520175933838,0.07122111320495605,2,2,0.07366331052932491,0.02301150575287644,0.9863620400428772
310,1816,0.9040754468794837,0.9973997006938257,0.9905,1.0,0.8257998071615814,0.9045896531727466,0.0,mode,0.002481520175933838,0.07078433036804199,4,2,0.09431160967265444,0.027013506753376687,0.981158435344696
310,1816,1.0,1.0,1.0,1.0,1.0,1.0,0.0,deint,0.002481520175933838,0.07078433036804199,2,2,0.07788250921109635,0.0240120060030015,0.9827324151992798
311,1817,0.8994823133865928,0.9705457604350886,0.909,0.9830815957668677,0.8301930460801511,0.9001918249997651,0.1,mode,0.002481520175933838,0.06094217300415039,7,6,0.9897668033453387,0.3646823411705853,0.4415661096572876
311,1817,0.9714429221043391,0.9891933297886318,0.9925,0.9867062735061853,0.9568532318459404,0.9715504815644982,0.0,deint,0.002481520175933838,0.06094217300415039,5,4,0.8383326110559222,0.3281640820410205,0.3998176157474518
312,1817,0.8947438631566367,0.9465069948482994,0.8755,0.9999999999999999,0.8102700342702057,0.8951924507736315,0.0,mode,0.00252610445022583,0.05378913879394531,7,4,1.208719212731278,0.44022011005502754,0.44759148359298706
312,1817,1.0,1.0,1.0,1.0,1.0,1.0,0.0,deint,0.00252610445022583,0.05378913879394531,4,4,0.9793889580900176,0.3796898449224612,0.45894762873649597
313,1817,0.7788248687344075,0.7086714707353314,0.7995,1.0000000000000009,0.6390401223205527,0.7797736170311682,0.0,mode,0.00252610445022583,0.05985665321350098,7,4,1.3170671466086434,0.24312156078039018,0.7263426184654236
313,1817,1.0,1.0,1.0,1.0,1.0,1.0,0.0,deint,0.00252610445022583,0.05985665321350098,4,4,0.8416587505204967,0.14907453726863432,0.6033890247344971
314,1817,0.9395893795105852,0.9984157436528712,0.992,1.0,0.8869058051534702,0.9400636775096829,0.0,mode,0.00252610445022583,0.06702065467834473,5,3,0.12431579344358692,0.032016008004002,0.9661374092102051
314,1817,1.0,1.0,1.0,1.0,1.0,1.0,0.0,deint,0.00252610445022583,0.06702065467834473,3,3,0.11025639902082986,0.030015007503751877,0.9645029306411743
315,1817,0.9490093981681086,0.9986354243258188,0.993,1.0000000000000002,0.9038689867177773,0.9495075480755901,0.0,mode,0.00252610445022583,0.06799149513244629,6,4,0.14451057068828807,0.03801900950475238,0.9586164951324463
315,1817,1.0,1.0,1.0,1.0,1.0,1.0,0.0,deint,0.00252610445022583,0.06799149513244629,4,4,0.13061862324035203,0.03601800900450225,0.9544184803962708
316,1818,0.756529458911509,0.5665182363783041,0.627,1.0000000000000002,0.6091054941826828,0.7570734130046177,0.0,mode,0.0024814605712890625,0.05651569366455078,6,3,1.4136848651750553,0.7798899449724862,0.3855455815792084
316,1818,1.0,1.0,1.0,1.0,1.0,1.0,0.0,deint,0.0024814605712890625,0.05651569366455078,3,3,0.8610832184864947,0.35267633816908456,0.31898197531700134
317,1818,0.7317924759406785,0.5667741995503384,0.7015,0.9999999999999999,0.5777957425741843,0.7324087991662427,0.0,mode,0.0024814605712890625,0.05964469909667969,6,3,1.392719697266733,0.759879939969985,0.4985571801662445
317,1818,1.0,1.0,1.0,1.0,1.0,1.0,0.0,deint,0.0024814605712890625,0.05964469909667969,3,3,0.8047075117266028,0.4307153576788394,0.319558709859848
318,1818,0.631354371269211,0.4327604583447572,0.606,1.0000000000000004,0.4616000169262505,0.6316365785175577,0.0,mode,0.0024814605712890625,0.05698800086975098,4,2,1.342934195516689,0.695847923961981,0.5868262648582458
318,1818,1.0,1.0,1.0,1.0,1.0,1.0,0.0,deint,0.0024814605712890625,0.05698800086975098,2,2,0.6198984473659845,0.16108054027013508,0.4929262697696686
319,1818,0.654867900617024,0.6375155188521163,0.766,1.0000000000000007,0.487322659130344,0.6553018689505984,0.0,mode,0.0024814605712890625,0.05898737907409668,5,2,1.0760118334734965,0.49824912456228115,0.11793823540210724
319,1818,1.0,1.0,1.0,1.0,1.0,1.0,0.0,deint,0.0024814605712890625,0.05898737907409668,2,2,0.5243649479876824,0.27313656828414207,0.7703238725662231
320,1818,0.5473212600658103,0.2893021632095625,0.5425,0.9999999999999981,0.37828756022854654,0.5489239998158569,0.0,mode,0.002474963665008545,0.06647348403930664,6,3,1.109207765438299,0.6358179089544772,0.06367640197277069
320,1818,1.0,1.0,1.0,1.0,1.0,1.0,0.0,deint,0.002474963665008545,0.06647348403930664,3,3,0.4195994993011852,0.19559779889944973,0.42228618264198303
321,1819,1.0,1.0,1.0,1.0,1.0,1.0,0.0,mode,0.002474963665008545,0.05995583534240723,3,3,0.7346526862072944,0.33016508254127064,0.604046642780304
321,1819,1.0,1.0,1.0,1.0,1.0,1.0,0.0,deint,0.002474963665008545,0.05995583534240723,3,3,0.7346526862072944,0.33016508254127064,0.604046642780304
322,1819,1.0000000000000002,1.0,1.0,1.0000000000000002,1.0,1.0000000000000002,0.0,mode,0.002474963665008545,0.06229710578918457,3,3,0.6594792453166424,0.1360680340170085,0.7708876132965088
322,1819,1.0,1.0,1.0,1.0,1.0,1.0,0.0,deint,0.002474963665008545,0.06229710578918457,3,3,0.6594792453166424,0.1360680340170085,0.7708876132965088
323,1819,1.0,1.0,1.0,1.0,1.0,1.0,0.0,mode,0.002474963665008545,0.06869220733642578,2,2,0.4270211916166204,0.2496248124062031,0.9127419590950012
323,1819,1.0,1.0,1.0,1.0,1.0,1.0,0.0,deint,0.002474963665008545,0.06869220733642578,2,2,0.4270211916166204,0.2496248124062031,0.9127419590950012
324,1819,1.0,1.0,1.0,1.0,1.0,1.0,0.0,mode,0.0025434494018554688,0.06513071060180664,2,2,0.5350125430019085,0.09254627313656828,0.9125702977180481
324,1819,1.0,1.0,1.0,1.0,1.0,1.0,0.0,deint,0.0025434494018554688,0.06513071060180664,2,2,0.5350125430019085,0.09254627313656828,0.9125702977180481
325,1819,0.9798540834174013,0.9985138950926434,0.989,1.0,0.9606096285452382,0.9799091206728443,0.0,mode,0.0025434494018554688,0.05623483657836914,4,3,0.5972716227220919,0.26413206603301653,0.13836267590522766
325,1819,1.0,1.0,1.0,1.0,1.0,1.0,0.0,deint,0.0025434494018554688,0.05623483657836914,3,3,0.5737448717279242,0.2586293146573287,0.2882152199745178
326,1820,0.803305137718479,0.7685887588306932,0.677,1.0,0.6724973167718583,0.8041834327960147,0.0,mode,0.0025434494018554688,0.05120682716369629,10,4,1.8438324325493625,0.6053026513256629,-0.045377448201179504
326,1820,1.0,1.0,1.0,0.9999999999999998,1.0,0.9999999999999999,0.0,deint,0.0025434494018554688,0.05120682716369629,4,4,1.2399723637388722,0.400200100050025,0.15230536460876465
327,1820,0.7388554740348376,0.4485794563320908,0.5725,1.0,0.5870605997583789,0.739808675040834,0.0,mode,0.0025434494018554688,0.05418038368225098,8,4,1.8626338403375928,0.7678839419709855,0.02690655179321766
327,1820,1.0,1.0,1.0,1.0,1.0,1.0,0.0,deint,0.0025434494018554688,0.05418038368225098,4,4,1.0934789395084883,0.3261630815407704,0.18532323837280273
328,1820,0.5865108095530666,0.3479783274134766,0.5165,1.0000000000000004,0.4152556754436905,0.5868277833452328,0.0,mode,0.002512514591217041,0.0628211498260498,4,2,1.3850225542636048,0.8464232116058029,0.30960968136787415
328,1820,1.0,1.0,1.0,1.0,1.0,1.0,0.0,deint,0.002512514591217041,0.0628211498260498,2,2,0.575138476241581,0.2621310655327664,0.453736811876297
329,1820,0.40502480022286,0.1691375395054715,0.409,1.0,0.2545441432499195,0.405795435129956,0.0,mode,0.002512514591217041,0.06295228004455566,6,2,1.5548664965964496,0.8999499749874937,0.12525920569896698
329,1820,1.0,1.0,1.0,1.0,1.0,1.0,0.0,deint,0.002512514591217041,0.06295228004455566,2,2,0.39578216019687346,0.1340670335167584,0.37278053164482117
330,1820,0.6513083998275953,0.5877731873611509,0.604,1.0,0.4839457249408626,0.652241812900736,0.0,mode,0.002512514591217041,0.05803108215332031,7,3,1.571126735942712,0.6653326663331666,0.2837320566177368
330,1820,1.0,1.0,1.0,1.0,1.0,1.0,0.0,deint,0.002512514591217041,0.05803108215332031,3,3,0.7603400672385289,0.3136568284142071,0.28356993198394775
331,1821,0.916021464139486,0.9621191469934035,0.8915,1.0,0.8455492990472177,0.9163117988598196,0.0,mode,0.002512514591217041,0.058634042739868164,6,4,1.1937506767068915,0.5302651325662832,0.6593030691146851
331,1821,1.0,1.0,1.0,1.0,1.0,1.0,0.0,deint,0.002512514591217041,0.058634042739868164,4,4,1.0093750480339834,0.47273636818409204,0.644788920879364
332,1821,0.8308767029280381,0.7398214137880621,0.7525,1.0,0.7114520054067887,0.8314016439364728,0.0,mode,0.0024919509887695312,0.05072379112243652,7,4,1.7073474124350336,0.5467733866933466,-0.02347635291516781
332,1821,1.0,1.0,1.0,1.0,1.0,1.0,0.0,deint,0.0024919509887695312,0.05072379112243652,4,4,1.2146957406010124,0.46023011505752875,0.00795331597328186
333,1821,0.8837226813562323,0.9322576324707228,0.858,1.0,0.7923389541862126,0.8841396347890719,0.0,mode,0.0024919509887695312,0.05749797821044922,6,4,1.1896399417436285,0.27013506753376687,0.7597644925117493
333,1821,1.0,1.0,1.0,1.0,1.0,1.0,0.0,deint,0.0024919509887695312,0.05749797821044922,4,4,0.942598067374697,0.10805402701350675,0.73851478099823
334,1821,0.9256168449885774,0.9976124778613817,0.9895,0.9999999999999999,0.8625763290734264,0.9262185024143748,0.0,mode,0.0024919509887695312,0.06613802909851074,5,3,0.13857758351441585,0.03601800900450225,0.920745849609375
334,1821,1.0,1.0,1.0,1.0,1.0,1.0,0.0,deint,0.0024919509887695312,0.06613802909851074,3,3,0.1195337434110192,0.032016008004002,0.9183002710342407
335,1821,0.9184033363281863,0.9973796836733632,0.989,0.9999999999999998,0.8501685373611159,0.9190173978136132,0.0,mode,0.0024919509887695312,0.07422685623168945,5,3,0.12763710957052227,0.03451725862931466,0.977682888507843
335,1821,1.0,1.0,1.0,1.0,1.0,1.0,0.0,deint,0.0024919509887695312,0.07422685623168945,3,3,0.10851305488165577,0.031015507753876938,0.9771573543548584
336,1822,1.0,1.0,1.0,1.0,1.0,1.0,0.0,mode,0.002559185028076172,0.06350874900817871,4,4,0.5625817469465745,0.06253126563281641,0.8789691925048828
336,1822,1.0,1.0,1.0,1.0,1.0,1.0,0.0,deint,0.002559185028076172,0.06350874900817871,3,3,0.40301172475998415,0.06253126563281641,0.8255241513252258
337,1822,1.0,1.0,1.0,1.0,1.0,1.0,0.0,mode,0.002559185028076172,0.06826496124267578,2,2,0.031479065747166746,0.010005002501250625,0.9912058115005493
337,1822,1.0,1.0,1.0,1.0,1.0,1.0,0.0,deint,0.002559185028076172,0.06826496124267578,2,2,0.031479065747166746,0.010005002501250625,0.9912058115005493
338,1822,0.082516583463516,0.03674246271555391,0.9045,1.0000000000000062,0.04381074452886056,0.08394384663789833,0.2,mode,0.002559185028076172,0.06839752197265625,3,2,0.32930768477418887,0.19459729864932465,0.9655420184135437
338,1822,1.0,1.0,1.0,1.0,1.0,1.0,0.2,deint,0.002559185028076172,0.06839752197265625,2,2,0.01442721466217611,0.00400200100050025,0.9749160408973694
339,1822,0.1304857203230583,0.062039674037044995,0.8915,1.0000000000000344,0.07067447926214815,0.13201861187697944,0.0,mode,0.002559185028076172,0.06892538070678711,3,2,0.36898514477152755,0.22511255627813906,0.9674204587936401
339,1822,1.0,1.0,1.0,1.0,1.0,1.0,0.0,deint,0.002559185028076172,0.06892538070678711,2,2,0.026077832783397644,0.0080040020010005,0.9461171627044678
340,1822,0.1085626193442856,0.050227549691557453,0.8975,0.9999999999999619,0.05824478296581724,0.11007809138936905,0.0,mode,0.0025144219398498535,0.0683431625366211,3,2,0.3506395492741621,0.21060530265132565,0.9595040082931519
340,1822,1.0,1.0,1.0,1.0,1.0,1.0,0.0,deint,0.0025144219398498535,0.0683431625366211,2,2,0.020422924264179906,0.006003001500750375,0.9329149723052979
341,1823,0.7066952086983969,0.5180321029311787,0.634,0.996988064838098,0.5491532846882576,0.7082137357862549,0.05,mode,0.0025144219398498535,0.05852937698364258,9,5,1.737913608792828,0.4932466233116558,-0.08336852490901947
341,1823,0.9923856130006419,0.9982612674663144,0.9975,0.9966378765000307,0.9882171272460382,0.9924096393546478,0.0,deint,0.0025144219398498535,0.05852937698364258,5,4,0.9613011158370006,0.29464732366183094,0.20348501205444336
342,1823,0.8866466768159997,0.8374803113301027,0.7885,1.0000000000000002,0.7972139659754949,0.8871664488126564,0.0,mode,0.0025144219398498535,0.049585580825805664,7,5,1.5138033913788334,0.45672836418209106,0.32219672203063965
342,1823,0.9999999999999998,1.0,1.0,0.9999999999999998,1.0,0.9999999999999999,0.0,deint,0.0025144219398498535,0.049585580825805664,5,5,1.2068252054063233,0.27463731865932967,0.4721667766571045
343,1823,0.829691845878561,0.7257878526265924,0.7275,1.0,0.7093484028628394,0.8299635132016543,0.0,mode,0.0025144219398498535,0.050958871841430664,5,3,1.472335055252439,0.5167583791895948,0.33265548944473267
343,1823,1.0,1.0,1.0,1.0,1.0,1.0,0.0,deint,0.0025144219398498535,0.050958871841430664,3,3,1.044398519976962,0.2741370685342671,0.5592123866081238
344,1823,0.6843033786325841,0.5798111299763307,0.6675,0.9999999999999998,0.5203923365553376,0.6845500651948292,0.0,mode,0.00248795747756958,0.05810952186584473,4,2,1.26472370952725,0.5667833916958479,0.08921373635530472
344,1823,1.0,1.0,1.0,1.0,1.0,1.0,0.0,deint,0.00248795747756958,0.05810952186584473,2,2,0.6581525263059766,0.15907953976988495,0.5888444781303406
345,1823,0.7178034384963952,0.49751324757204074,0.629,0.9999999999999993,0.5605448947103955,0.7183963711783131,0.0,mode,0.00248795747756958,0.051186323165893555,6,3,1.5359156121941053,0.5867933966983492,0.03522037714719772
345,1823,0.9976205954146636,0.9986602682707366,0.9995,0.9952603579637592,0.9999999999999999,0.9976245495895694,0.05,deint,0.00248795747756958,0.051186323165893555,3,4,0.8609496551577249,0.1585792896448224,0.5585334300994873
346,1824,0.8938478420640709,0.9190304541961535,0.851,1.0000000000000002,0.8087927438887453,0.8942901243067928,0.0,mode,0.00248795747756958,0.04954957962036133,8,4,1.4537124799151893,0.3706853426713357,0.5224827527999878
346,1824,0.9753124470883369,0.9899869210796715,0.977,1.0000000000000002,0.9519329846693625,0.9753746590133168,0.0,deint,0.00248795747756958,0.04954957962036133,5,4,1.2351206697973212,0.24512256128064033,0.5210749506950378
347,1824,0.9583646386884115,0.9988905993925211,0.994,0.9999999999999999,0.9205851798273548,0.9586507169758625,0.0,mode,0.00248795747756958,0.06815481185913086,4,3,0.10473821028456518,0.0335167583791896,0.983968198299408
347,1824,1.0,1.0,1.0,1.0,1.0,1.0,0.0,deint,0.00248795747756958,0.06815481185913086,3,3,0.09642044421784585,0.0335167583791896,0.9814401268959045
348,1824,0.9652050964906203,0.9992596399262123,0.996,1.0,0.9331872289648446,0.9654390583415289,0.0,mode,0.0024883151054382324,0.07377314567565918,4,3,0.09677760715602483,0.031015507753876938,0.9909100532531738
348,1824,1.0,1.0,1.0,1.0,1.0,1.0,0.0,deint,0.0024883151054382324,0.07377314567565918,3,3,0.09031162712105403,0.031015507753876938,0.9877169728279114
349,1824,0.9625891451282182,0.9991927692425481,0.9955,1.0,0.9283297927759179,0.9628330135786007,0.0,mode,0.0024883151054382324,0.06998205184936523,4,3,0.09169408691512311,0.029014507253626812,0.9895234107971191
349,1824,1.0,1.0,1.0,1.0,1.0,1.0,0.0,deint,0.0024883151054382324,0.06998205184936523,3,3,0.08512235277602515,0.029014507253626812,0.9859229922294617
350,1824,0.9965055424022002,0.9999514399965425,0.997,1.0,0.993055768548874,0.9965157866825864,0.0,mode,0.0024883151054382324,0.06298017501831055,5,4,0.6883924827499961,0.496248124062031,0.8956509828567505
350,1824,1.0,1.0,1.0,1.0,1.0,1.0,0.0,deint,0.0024883151054382324,0.06298017501831055,3,3,0.062110177075396275,0.02001000500250125,0.8947333097457886
351,1825,0.8169260932572133,0.708841303247785,0.7105,0.9946745582890795,0.6939729683779805,0.8175504300158509,0.05,mode,0.0024883151054382324,0.05177021026611328,6,5,1.5812646395381533,0.6413206603301651,0.07710658013820648
351,1825,0.9944327638985396,0.9979327316577521,0.999,0.9952863173204706,0.9936036398761492,0.9944442667933728,0.0,deint,0.0024883151054382324,0.05177021026611328,4,4,1.1012231025095762,0.3736868434217109,0.09329330176115036
352,1825,0.6018851899561362,0.2651060642358711,0.485,0.9999999999999996,0.4319230818215404,0.6032769319872876,0.0,mode,0.002513706684112549,0.06669306755065918,6,4,1.5562323814764398,0.8439219609804902,0.22621487081050873
352,1825,1.0,1.0,1.0,1.0000000000000002,1.0,1.0000000000000002,0.0,deint,0.002513706684112549,0.06669306755065918,4,4,0.672172686096933,0.176088044022011,0.22383348643779755
353,1825,0.5506772030821779,0.2978638117691194,0.501,1.0,0.38029196838738893,0.5510311978873403,0.0,mode,0.002513706684112549,0.06362581253051758,4,2,1.3821995247608356,0.8599299649824912,0.3110942244529724
353,1825,1.0,1.0,1.0,1.0,1.0,1.0,0.0,deint,0.002513706684112549,0.06362581253051758,2,2,0.5256393779275286,0.22011005502751377,0.366445928812027
354,1825,0.8054042872798065,0.6865328120697624,0.7025,0.9999999999999998,0.6746347662420222,0.8057097342555976,0.0,mode,0.002513706684112549,0.05572032928466797,5,3,1.5259758567865105,0.5217608804402201,0.530051052570343
354,1825,1.0,1.0,1.0,1.0,1.0,1.0,0.0,deint,0.002513706684112549,0.05572032928466797,3,3,1.0294763654714543,0.18009004502251125,0.5336784720420837
355,1825,0.9315696902148016,0.9979785793399294,0.9905,1.0,0.8728851660150704,0.9321288692486197,0.0,mode,0.002513706684112549,0.07268071174621582,5,3,0.13588825827106613,0.03451725862931466,0.9648568034172058
355,1825,1.0,1.0,1.0,1.0,1.0,1.0,0.0,deint,0.002513706684112549,0.07268071174621582,3,3,0.11861484501688088,0.031015507753876938,0.9634625911712646
356,1826,0.6786747231765593,0.49272907367008656,0.5545,0.9999999999999996,0.515578980067892,0.6803723023986464,0.0,mode,0.00253140926361084,0.059107065200805664,11,4,1.9312856518718247,0.6468234117058529,-0.0838664323091507
356,1826,1.0,1.0,1.0,1.0,1.0,1.0,0.0,deint,0.00253140926361084,0.059107065200805664,4,4,0.9957302867789666,0.2801400700350175,0.2822039723396301
357,1826,0.7021707522218636,0.6110540973049247,0.6195,1.0000000000000007,0.5430761470507107,0.7038876831693563,0.0,mode,0.00253140926361084,0.05899357795715332,11,4,1.7595209494152693,0.6343171585792896,0.12514126300811768
357,1826,1.0,1.0,1.0,1.0,1.0,1.0,0.0,deint,0.00253140926361084,0.05899357795715332,4,4,0.9555538580608361,0.2771385692846423,0.06228889152407646
358,1826,0.6521359986465164,0.40011517906480354,0.461,1.0,0.4870596509051397,0.6550640394400823,0.0,mode,0.00253140926361084,0.05273270606994629,15,5,2.3600216970047567,0.7398699349674838,0.15006905794143677
358,1826,0.9818187997580632,0.9955813621376833,0.98,1.0000000000000002,0.9644440921805962,0.9819002699232151,0.0,deint,0.00253140926361084,0.05273270606994629,6,5,1.1918486030897602,0.2861430715357679,0.3760151267051697
359,1826,0.6499433017223748,0.3484969205056354,0.421,0.9999999999999998,0.48316241042458913,0.651530010508118,0.0,mode,0.00253140926361084,0.050678253173828125,11,4,2.268464040153246,0.8569284642321161,0.20784422755241394
359,1826,1.0,1.0,1.0,1.0,1.0,1.0,0.0,deint,0.00253140926361084,0.050678253173828125,4,4,1.096036553733423,0.17058529264632316,0.4412720203399658
360,1826,0.38602026725597277,0.14408054100888298,0.337,1.0,0.24234489936655995,0.39014109445794876,0.2,mode,0.0025008320808410645,0.0596771240234375,11,4,1.481890797413373,0.9029514757378689,0.29828691482543945
360,1826,1.0,1.0,1.0,1.0,1.0,1.0,0.2,deint,0.0025008320808410645,0.0596771240234375,4,4,0.3591286760379546,0.058529264632316155,0.5157142877578735
361,1827,0.8341691038831797,0.8275730271947169,0.7905,1.0,0.7164783567576263,0.8348236421821612,0.0,mode,0.0025008320808410645,0.050794363021850586,8,4,1.5966726334490737,0.6413206603301651,0.6469812989234924
361,1827,0.9861559119326258,0.9989182523728901,0.99,1.0,0.9727443420668451,0.9861838874141192,0.0,deint,0.0025008320808410645,0.050794363021850586,4,3,0.7921480559312832,0.18859429714857429,0.44197747111320496
362,1827,0.9225384398083689,0.9760191271281562,0.924,1.0,0.8568135473301423,0.922885928489836,0.0,mode,0.0025008320808410645,0.06306290626525879,8,4,1.1804643321212962,0.8104052026013007,0.9258355498313904
362,1827,1.0,1.0,1.0,1.0,1.0,1.0,0.0,deint,0.0025008320808410645,0.06306290626525879,3,3,0.4104797889726812,0.17558779389694848,0.44946154952049255
363,1827,0.8589042767120018,0.83451492759248,0.807,0.9999999999999997,0.7543296870732384,0.8599634294870678,0.0,mode,0.0025008320808410645,0.052039146423339844,10,6,1.7213390687237198,0.4512256128064032,0.5260834693908691
363,1827,0.9999999999999999,1.0,1.0,0.9999999999999999,1.0,0.9999999999999999,0.0,deint,0.0025008320808410645,0.052039146423339844,4,4,0.8707509591097341,0.2066033016508254,0.2265375405550003
364,1827,0.9380575283245046,0.9600754710327091,0.9145,1.0,0.8838569519441303,0.9383482658086056,0.0,mode,0.0024976730346679688,0.056360483169555664,8,5,1.6372213830849742,0.64032016008004,0.7670292854309082
364,1827,1.0,1.0,1.0,1.0,1.0,1.0,0.0,deint,0.0024976730346679688,0.056360483169555664,3,3,0.5437076102876028,0.1890945472736368,-0.010436979122459888
365,1827,0.9779280667108102,0.9996021770631653,0.9915,1.0000000000000002,0.9571159051715823,0.9780881169505095,0.0,mode,0.0024976730346679688,0.0663759708404541,7,4,0.40466738928818957,0.20210105052526264,0.9561542868614197
365,1827,1.0,1.0,1.0,1.0,1.0,1.0,0.0,deint,0.0024976730346679688,0.0663759708404541,3,3,0.08975521746971538,0.0240120060030015,0.7111973166465759
366,1829,0.8536738290316774,0.6955279173059508,0.747,1.0,0.745698149728214,0.8543265625209158,0.0,mode,0.0024976730346679688,0.04957246780395508,8,5,1.8453747364803958,0.7058529264632316,0.2504362463951111
366,1829,0.9893805316896355,0.996090539368045,0.9915,1.0000000000000002,0.9790614923170602,0.9894199812566586,0.0,deint,0.0024976730346679688,0.04957246780395508,6,5,1.4055220610311865,0.45522761380690346,0.23752406239509583
367,1829,0.8705735883856223,0.782184426944865,0.791,1.0,0.771328232221086,0.8709037864246199,0.0,mode,0.0024976730346679688,0.046733856201171875,6,4,1.6678977827961416,0.536768384192096,0.4136706292629242
367,1829,1.0,1.0,1.0,1.0,1.0,1.0,0.0,deint,0.0024976730346679688,0.046733856201171875,4,4,1.286496648392414,0.33316658329164583,0.3968287706375122
368,1829,0.835506343780932,0.7514623226378312,0.7625,1.0,0.7181766874471445,0.8359753600361167,0.0,mode,0.0025293827056884766,0.05060172080993652,6,4,1.549240540312427,0.5567783891945973,0.4367637038230896
368,1829,1.0,1.0,1.0,1.0,1.0,1.0,0.0,deint,0.0025293827056884766,0.05060172080993652,3,3,0.9564308312753326,0.3001500750375188,0.38077884912490845
369,1829,0.8159339648128111,0.7633106392834803,0.728,1.0000000000000004,0.6900016801462093,0.8165692238678893,0.0,mode,0.0025293827056884766,0.05260443687438965,7,4,1.576259417771521,0.5777888944472236,0.18193292617797852
369,1829,1.0,1.0,1.0,1.0,1.0,1.0,0.0,deint,0.0025293827056884766,0.05260443687438965,3,3,0.9494615441685839,0.32566283141570784,0.5770951509475708
370,1829,0.8188889637012622,0.6603019089348691,0.6645,1.0000000000000002,0.6941605897639604,0.8194743685551966,0.0,mode,0.0025293827056884766,0.051491498947143555,7,4,1.66600431231654,0.6033016508254128,0.07091057300567627
370,1829,1.0,1.0,1.0,1.0,1.0,1.0,0.0,deint,0.0025293827056884766,0.051491498947143555,4,4,1.156474536072863,0.5412706353176588,0.3037826418876648
371,1830,0.9862421009013119,0.9983900637352392,0.9805,0.9729405198712149,1.0,0.9862846954298696,0.0,mode,0.0025293827056884766,0.05682516098022461,4,5,0.9964521108769894,0.2846423211605803,0.562068521976471
371,1830,1.0,1.0,1.0,1.0,1.0,1.0,0.0,deint,0.0025293827056884766,0.05682516098022461,3,3,0.5276928188000584,0.21510755377688845,0.6950101852416992
372,1830,1.0,1.0,1.0,1.0,1.0,1.0,0.0,mode,0.002500295639038086,0.06871438026428223,4,4,0.369466507500255,0.2061030515257629,0.8558965921401978
372,1830,1.0,1.0,1.0,1.0,1.0,1.0,0.0,deint,0.002500295639038086,0.06871438026428223,3,3,0.05753680815446889,0.018009004502251125,0.8919453024864197
373,1830,1.0000000000000002,1.0,1.0,1.0000000000000002,1.0,1.0000000000000002,0.0,mode,0.002500295639038086,0.07137465476989746,4,4,0.36785139421317076,0.2066033016508254,0.6726764440536499
373,1830,1.0000000000000002,1.0,1.0,1.0000000000000002,1.0,1.0000000000000002,0.0,deint,0.002500295639038086,0.07137465476989746,3,3,0.05474783182804077,0.017008504252126064,0.9105898141860962
374,1830,0.1997966449223987,0.09759901757359166,0.8925,0.9999999999999979,0.11264056722621865,0.20247431298865612,0.2,mode,0.002500295639038086,0.06891155242919922,4,3,0.38373915158589256,0.2271135567783892,0.6669901013374329
374,1830,1.0,1.0,1.0,1.0,1.0,1.0,0.2,deint,0.002500295639038086,0.06891155242919922,3,3,0.0432245954465995,0.013006503251625813,0.9249575138092041
375,1830,0.3513582508892664,0.23503733398532276,0.9425,1.0000000000000007,0.21543222764100178,0.35449484182121477,0.0,mode,0.002500295639038086,0.06877398490905762,4,3,0.27973005384521143,0.13356678339169584,0.9216904640197754
375,1830,1.0,1.0,1.0,1.0,1.0,1.0,0.0,deint,0.002500295639038086,0.06877398490905762,3,3,0.06026286842418439,0.01900950475237619,0.8934276103973389
376,1831,0.8519330795036386,0.87842411171362,0.8015,1.0,0.7425087494139344,0.8522295795228181,0.0,mode,0.0025873780250549316,0.05179023742675781,6,3,1.4396216713548484,0.6063031515757878,0.13767023384571075
376,1831,1.0,1.0,1.0,1.0,1.0,1.0,0.0,deint,0.0025873780250549316,0.05179023742675781,3,3,1.0689316869723917,0.47123561780890444,0.17348544299602509
377,1831,0.4864518323194319,0.17442324158005404,0.3835,1.0000000000000004,0.32278227453659586,0.4880353792912363,0.0,mode,0.0025873780250549316,0.0631096363067627,8,3,1.7475401435286764,0.87943971985993,0.15763650834560394
377,1831,1.0,1.0,1.0,1.0,1.0,1.0,0.0,deint,0.0025873780250549316,0.0631096363067627,3,3,0.5640749823304212,0.1470735367683842,0.3279511332511902
378,1831,0.48513842932980344,0.19528012761141997,0.3915,0.9999999999999992,0.32147030946640937,0.4865342901214547,0.0,mode,0.0025873780250549316,0.060950517654418945,7,3,1.6760817707911464,0.8449224612306153,0.2192060798406601
378,1831,1.0,1.0,1.0,1.0,1.0,1.0,0.0,deint,0.0025873780250549316,0.060950517654418945,3,3,0.5388105254722669,0.11905952976488245,0.3401104807853699
379,1831,0.7234332356884026,0.8069702186307497,0.7355,1.0,0.5670793018048149,0.7237404018439988,0.0,mode,0.0025873780250549316,0.059987783432006836,5,2,1.1527582334201465,0.4732366183091546,0.5791383981704712
379,1831,1.0,1.0,1.0,1.0,1.0,1.0,0.0,deint,0.0025873780250549316,0.059987783432006836,2,2,0.6537053342411883,0.23861930965482742,0.6558325290679932
380,1831,0.6999293480522581,0.7359446846813306,0.691,0.9999999999999999,0.5387442561793875,0.700238852578476,0.0,mode,0.0025206804275512695,0.056824445724487305,5,2,1.263331744906979,0.51975987993997,0.4987897574901581
380,1831,1.0,1.0,1.0,1.0,1.0,1.0,0.0,deint,0.0025206804275512695,0.056824445724487305,2,2,0.6806127212870902,0.21260630315157578,0.5869742631912231
381,1832,0.0,0.0,0.2665,1.0,0.0,0.0,0.0,mode,0.0025206804275512695,0.07420015335083008,4,1,1.384028047592461,0.9564782391195598,0.15678834915161133
381,1832,1.0,1.0,1.0,1.0,1.0,1.0,0.0,deint,0.0025206804275512695,0.07420015335083008,1,1,-1.000000082690371e-10,0.0,0.0
382,1832,0.0,0.0,0.265,1.0,0.0,0.0,0.0,mode,0.0025206804275512695,0.07045722007751465,4,1,1.384507712987467,0.9659829914957478,0.1557415872812271
382,1832,1.0,1.0,1.0,1.0,1.0,1.0,0.0,deint,0.0025206804275512695,0.07045722007751465,1,1,-1.000000082690371e-10,0.0,0.0
383,1832,0.15449680756671214,0.034025285520634815,0.284,1.0000000000000047,0.08437144579149355,0.15561355127699814,0.0,mode,0.0025206804275512695,0.0676124095916748,5,2,1.471516464203691,0.9639819909954978,0.1616186499595642
383,1832,1.0,1.0,1.0,1.0,1.0,1.0,0.0,deint,0.0025206804275512695,0.0676124095916748,2,2,0.12415397143303726,0.054027013506753374,0.04870729148387909
384,1832,0.04242891931288333,0.006591290882514541,0.2625,0.9999999999999942,0.022322145266089076,0.04366949374901604,0.0,mode,0.0024884939193725586,0.07105731964111328,5,2,1.4102168748013226,0.9609804902451226,0.12640129029750824
384,1832,1.0,1.0,1.0,1.0,1.0,1.0,0.0,deint,0.0024884939193725586,0.07105731964111328,2,2,0.031479065747166746,0.010005002501250625,0.010725618340075016
385,1832,0.0,0.0,0.266,1.0,0.0,0.0,0.0,mode,0.0024884939193725586,0.07181382179260254,4,1,1.384218250413022,0.9599799899949975,0.15358306467533112
385,1832,1.0,1.0,1.0,1.0,1.0,1.0,0.0,deint,0.0024884939193725586,0.07181382179260254,1,1,-1.000000082690371e-10,0.0,0.0
386,1833,0.8137791355075616,0.7763569059213326,0.8975,1.0000000000000007,0.6862924524319561,0.8139661082420092,0.0,mode,0.0024884939193725586,0.05477285385131836,4,2,0.9415807489650254,0.0025012506253126563,0.10478381812572479
386,1833,0.9874555000204362,0.9934502738656026,0.9975,0.9999999999999998,0.9752422609910387,0.9874659734160711,0.0,deint,0.0024884939193725586,0.05477285385131836,3,2,0.6626043468370646,0.0015007503751875938,0.05656963959336281
387,1833,0.6978644726430769,0.6828767297039406,0.743,1.0000000000000002,0.5363917515264794,0.6982486738731164,0.0,mode,0.0024884939193725586,0.050522804260253906,6,2,1.2919385309652116,0.0335167583791896,0.022447768598794937
387,1833,0.9298031103604237,0.9498624872701661,0.973,1.0000000000000002,0.8688976653644449,0.9298504476380791,0.0,deint,0.0024884939193725586,0.050522804260253906,3,2,0.7975452106428216,0.032016008004002,0.020480800420045853
388,1833,0.9727292558554541,0.9958119846298336,0.995,0.9999999999999997,0.9469970772099379,0.9727770917530004,0.0,mode,0.0025030970573425293,0.061820268630981445,4,2,0.49294114418587054,0.0050025012506253125,0.665356457233429
388,1833,0.9761728854588545,0.9958409505760409,0.995,0.9999999999999997,0.9535061786497846,0.9761998083966383,0.0,deint,0.0025030970573425293,0.061820268630981445,3,2,0.48957608595082425,0.0050025012506253125,0.6709920763969421
389,1833,0.9335254614373474,0.9877375168049828,0.9505,1.0,0.8757421047252016,0.9337553414396473,0.0,mode,0.0025030970573425293,0.058460235595703125,6,3,0.828695513384974,0.26013006503251623,0.5283913612365723
389,1833,0.9766338252564524,0.9959273935712311,0.989,0.9999999999999997,0.9544283679577463,0.9766828844743624,0.0,deint,0.0025030970573425293,0.058460235595703125,4,3,0.7603750868854003,0.26013006503251623,0.5577356219291687
390,1833,1.0,1.0,1.0,1.0,1.0,1.0,0.0,mode,0.0025030970573425293,0.05835366249084473,3,3,0.8840648717507397,0.4607303651825913,0.46352794766426086
390,1833,1.0,1.0,1.0,1.0,1.0,1.0,0.0,deint,0.0025030970573425293,0.05835366249084473,3,3,0.8840648717507397,0.4607303651825913,0.46352794766426086
391,1834,0.7629826182221373,0.6065195980487968,0.622,1.0000000000000002,0.6179691895673526,0.7638825183470873,0.0,mode,0.0025030970573425293,0.05249595642089844,8,4,1.721887503971157,0.471735867933967,-0.19731523096561432
391,1834,1.0,1.0,1.0,1.0,1.0,1.0,0.0,deint,0.0025030970573425293,0.05249595642089844,4,4,1.0640734254495823,0.28114057028514255,0.0963863804936409
392,1834,0.9653300410250986,0.9973945419052466,0.9685,1.0,0.9333797003959514,0.96554205074647,0.0,mode,0.002519369125366211,0.062155961990356445,6,4,0.7021229394198029,0.1360680340170085,0.8128262162208557
392,1834,1.0,1.0,1.0,1.0,1.0,1.0,0.0,deint,0.002519369125366211,0.062155961990356445,4,4,0.6553472989968081,0.11155577788894447,0.8355842232704163
393,1834,0.9771016100112816,0.9995166073971297,0.993,0.9999999999999998,0.9556567768266719,0.9773256617936398,0.0,mode,0.002519369125366211,0.0684349536895752,6,4,0.24854154940952394,0.08454227113556778,0.8407166600227356
393,1834,1.0,1.0,1.0,1.0,1.0,1.0,0.0,deint,0.002519369125366211,0.0684349536895752,4,4,0.23752041618960673,0.07803901950975488,0.8816260695457458
394,1834,0.9507790753303521,0.998942481737421,0.9935,1.0,0.9068511883544346,0.9511504556755944,0.0,mode,0.002519369125366211,0.07321047782897949,5,3,0.11267382784806054,0.02301150575287644,0.8739833235740662
394,1834,1.0,1.0,1.0,1.0,1.0,1.0,0.0,deint,0.002519369125366211,0.07321047782897949,3,3,0.10217839483388227,0.017008504252126064,0.8821243047714233
395,1834,0.9473575998921392,0.9990974159776531,0.994,1.0000000000000002,0.9006621573649617,0.9477351394354281,0.0,mode,0.002519369125366211,0.07027792930603027,5,3,0.09797942311538,0.018009004502251125,0.9333208203315735
395,1834,1.0,1.0,1.0,1.0,1.0,1.0,0.0,deint,0.002519369125366211,0.07027792930603027,3,3,0.08824635875080364,0.013006503251625813,0.9457448720932007
396,1835,0.9488601802996582,0.971920875492437,0.973,0.9674992737190687,0.9311156304207927,0.9489588375360487,0.0,mode,0.002480626106262207,0.04960179328918457,4,4,1.2076735608580256,0.4062031015507754,0.4954626262187958
396,1835,1.0,1.0,1.0,1.0,1.0,1.0,0.0,deint,0.002480626106262207,0.04960179328918457,3,3,1.0747687350177535,0.39269634817408705,0.49650147557258606
397,1835,1.0,1.0,1.0,1.0,1.0,1.0,0.0,mode,0.002480626106262207,0.0612034797668457,2,2,0.6142154939618896,0.08454227113556778,0.863096296787262
397,1835,1.0,1.0,1.0,1.0,1.0,1.0,0.0,deint,0.002480626106262207,0.0612034797668457,2,2,0.6142154939618896,0.08454227113556778,0.863096296787262
398,1835,1.0,1.0,1.0,1.0,1.0,1.0,0.0,mode,0.002480626106262207,0.0478212833404541,3,3,1.059962918739714,0.1585792896448224,0.3366721570491791
398,1835,1.0,1.0,1.0,1.0,1.0,1.0,0.0,deint,0.002480626106262207,0.0478212833404541,3,3,1.059962918739714,0.1585792896448224,0.3366721570491791
399,1835,1.0,1.0,1.0,1.0,1.0,1.0,0.0,mode,0.002480626106262207,0.05118608474731445,3,3,0.7421667368998113,0.18259129564782392,0.7186761498451233
399,1835,1.0,1.0,1.0,1.0,1.0,1.0,0.0,deint,0.002480626106262207,0.05118608474731445,3,3,0.7421667368998113,0.18259129564782392,0.7186761498451233
400,1836,0.8706078107235801,0.8632023777052444,0.7945,0.9983929577038828,0.7731362727604019,0.871443492769368,0.15,mode,0.0024815797805786133,0.05218195915222168,9,6,1.670955438026148,0.5957978989494748,0.1935805082321167
400,1836,1.0,1.0,1.0,1.0,1.0,1.0,0.0,deint,0.0024815797805786133,0.05218195915222168,5,5,1.2871588788198978,0.4542271135567784,0.33170583844184875
401,1836,0.8995557578107131,0.9754824898967468,0.9165,0.9999999999999997,0.8184764469684515,0.9001782215358559,0.0,mode,0.0024815797805786133,0.058898210525512695,7,4,0.8531138916748258,0.2986493246623312,0.2597506642341614
401,1836,1.0,1.0,1.0,1.0,1.0,1.0,0.0,deint,0.0024815797805786133,0.058898210525512695,4,4,0.6982536270903735,0.26263131565782893,0.27554845809936523
402,1836,0.7233836678900867,0.6205846616083938,0.7895,0.9999999999999989,0.5684188587278279,0.7248304310608483,0.0,mode,0.0024815797805786133,0.06071615219116211,7,4,1.1764245895877254,0.23711855927963982,0.4483574628829956
402,1836,1.0,1.0,1.0,1.0,1.0,1.0,0.0,deint,0.0024815797805786133,0.06071615219116211,4,4,0.6687019225907018,0.17658829414707353,0.7554316520690918
403,1836,0.9500731016171382,0.9986195254929758,0.992,0.9999999999999998,0.905843228811907,0.9505957416829138,0.0,mode,0.0024815797805786133,0.072021484375,6,4,0.1586885328032898,0.04252126063031516,0.8950518369674683
403,1836,1.0,1.0,1.0,1.0,1.0,1.0,0.0,deint,0.0024815797805786133,0.072021484375,4,4,0.1437469330734622,0.0400200100050025,0.8927768468856812
404,1836,0.9424009311878013,0.9985174134827732,0.9925,0.9999999999999998,0.8919882146568242,0.9429109629190965,0.1,mode,0.002525150775909424,0.06885337829589844,6,4,0.1300583768413332,0.03251625812906453,0.9290305376052856
404,1836,0.9999999999999999,1.0,1.0,0.9999999999999998,1.0,0.9999999999999999,0.1,deint,0.002525150775909424,0.06885337829589844,4,4,0.11601053949505827,0.030015007503751877,0.9272575974464417
405,1837,0.8863948368970087,0.9184743924967999,0.856,0.9978252075374254,0.7981793175339699,0.8869058313076952,0.05,mode,0.002525150775909424,0.051503896713256836,8,5,1.506422196822643,0.5182591295647824,0.38516154885292053
405,1837,1.0,1.0,1.0,1.0,1.0,1.0,0.0,deint,0.002525150775909424,0.051503896713256836,4,4,1.2019206133222147,0.4287143571785893,0.45187658071517944
406,1837,0.8960023437943221,0.9022137945558077,0.837,1.0000000000000002,0.8126289709248439,0.8966302359276785,0.0,mode,0.002525150775909424,0.04916715621948242,11,5,1.8748601429117084,0.6173086543271635,0.23698702454566956
406,1837,1.0,1.0,1.0,1.0,1.0,1.0,0.0,deint,0.002525150775909424,0.04916715621948242,4,4,1.1958647129140396,0.3581790895447724,0.3443842828273773
407,1837,0.7616954668615068,0.552988919583765,0.594,0.9999999999999998,0.616608106004387,0.7628417842446642,0.0,mode,0.002525150775909424,0.05628371238708496,9,4,1.6128196800068608,0.7873936968484242,0.352617084980011
407,1837,0.9999999999999999,1.0,1.0,0.9999999999999999,1.0,0.9999999999999999,0.0,deint,0.002525150775909424,0.05628371238708496,4,4,0.9944776883705795,0.3061530765382691,0.4767206907272339
408,1837,0.7741299973634513,0.5246320197583089,0.5955,0.9999999999999998,0.6337601378907531,0.775830090589628,0.0,mode,0.0024886131286621094,0.05491471290588379,10,5,1.5913483580833412,0.8724362181090545,0.7324756979942322
408,1837,1.0,1.0,1.0,0.9999999999999998,1.0,0.9999999999999999,0.0,deint,0.0024886131286621094,0.05491471290588379,4,4,0.6000357895427095,0.18209104552276137,0.36216452717781067
409,1837,0.8020268974527068,0.6465862149950934,0.5975,1.0,0.6710459169915199,0.8031447971216046,0.0,mode,0.0024886131286621094,0.05745220184326172,10,5,1.972996081385626,0.8854427213606804,0.3679811954498291
409,1837,1.0,1.0,1.0,0.9999999999999999,1.0,0.9999999999999999,0.0,deint,0.0024886131286621094,0.05745220184326172,4,4,0.8846488214031034,0.19859929964982492,0.5510251522064209
410,1838,1.0000000000000002,1.0,1.0,1.0000000000000002,1.0,1.0000000000000002,0.0,mode,0.0024886131286621094,0.056090354919433594,3,3,0.9103049763995656,0.02351175587793897,0.4488494396209717
410,1838,1.0,1.0,1.0,1.0,1.0,1.0,0.0,deint,0.0024886131286621094,0.056090354919433594,2,2,0.27509047762949806,0.02351175587793897,0.9725950956344604
411,1838,1.0,1.0,1.0,1.0,1.0,1.0,0.1,mode,0.0024886131286621094,0.07927942276000977,3,3,0.04200312358590129,0.013006503251625813,0.8481467366218567
411,1838,1.0,1.0,1.0,1.0,1.0,1.0,0.1,deint,0.0024886131286621094,0.07927942276000977,2,2,0.007907254912232084,0.002001000500250125,0.9905684590339661
412,1838,1.0,1.0,1.0,0.9999999999999999,1.0,0.9999999999999999,0.0,mode,0.0024968981742858887,0.0665290355682373,3,3,0.08743022163551856,0.030015007503751877,0.7048038244247437
412,1838,1.0,1.0,1.0,1.0,1.0,1.0,0.0,deint,0.0024968981742858887,0.0665290355682373,2,2,0.031479065747166746,0.010005002501250625,0.9919906258583069
413,1838,1.0,1.0,1.0,1.0,1.0,1.0,0.0,mode,0.0024968981742858887,0.07202816009521484,3,3,0.08011978863169379,0.026513256628314157,0.9150621891021729
413,1838,1.0,1.0,1.0,1.0,1.0,1.0,0.0,deint,0.0024968981742858887,0.07202816009521484,2,2,0.028806410048161903,0.009004502251125562,0.9967762231826782
414,1838,1.0,1.0,1.0,1.0,1.0,1.0,0.1,mode,0.0024968981742858887,0.06675553321838379,3,3,0.05925236378876182,0.02001000500250125,0.9667087197303772
414,1838,1.0,1.0,1.0,1.0,1.0,1.0,0.1,deint,0.0024968981742858887,0.06675553321838379,2,2,0.007907254912232084,0.002001000500250125,0.9977834224700928
415,1839,0.9152815574981576,0.9567541231904576,0.9455,0.9999999999999998,0.8440978127190512,0.91545882967505,0.0,mode,0.0024968981742858887,0.054038286209106445,5,3,1.0518611332380383,0.29064532266133064,0.5247777104377747
415,1839,0.9632709512589691,0.982785519880465,0.9805,1.0000000000000002,0.9292571424158214,0.9633315559502897,0.0,deint,0.0024968981742858887,0.054038286209106445,4,3,0.9554660829321383,0.29064532266133064,0.5133731365203857
416,1839,0.5277297835069119,0.2844821946015577,0.5535,0.9999999999999992,0.35973534553863684,0.5291255341989121,0.0,mode,0.0025215744972229004,0.06837940216064453,6,3,1.1876694360444526,0.4132066033016508,-0.08592892438173294
416,1839,1.0,1.0,1.0,1.0,1.0,1.0,0.0,deint,0.0025215744972229004,0.06837940216064453,3,3,0.42724667487697066,0.24312156078039018,0.21520376205444336
417,1839,0.9003834334028143,0.8953637916069374,0.9125,1.0,0.8194003785084061,0.9007367352316072,0.0,mode,0.0025215744972229004,0.04986572265625,6,4,1.1574945391514133,0.1875937968984492,0.542590856552124
417,1839,1.0,1.0,1.0,1.0,1.0,1.0,0.0,deint,0.0025215744972229004,0.04986572265625,4,4,0.9484514635937212,0.12256128064032017,0.6258780360221863
418,1839,1.0,1.0,1.0,1.0,1.0,1.0,0.0,mode,0.0025215744972229004,0.07286477088928223,3,3,0.06015711432005723,0.01900950475237619,0.9283508062362671
418,1839,1.0,1.0,1.0,1.0,1.0,1.0,0.0,deint,0.0025215744972229004,0.07286477088928223,3,3,0.06015711432005723,0.01900950475237619,0.9283508062362671
419,1839,1.0,1.0,1.0,1.0,1.0,1.0,0.0,mode,0.0025215744972229004,0.0669867992401123,3,3,0.06555280710298225,0.021010505252626314,0.9592030644416809
419,1839,1.0,1.0,1.0,1.0,1.0,1.0,0.0,deint,0.0025215744972229004,0.0669867992401123,3,3,0.06555280710298225,0.021010505252626314,0.9592030644416809
420,1840,0.8583877132589676,0.9085086396741057,0.887,1.0,0.752058511581467,0.8584856117649105,0.0,mode,0.00247955322265625,0.06115579605102539,3,2,0.8274141160278111,0.32566283141570784,0.8394799828529358
420,1840,1.0,1.0,1.0,1.0,1.0,1.0,0.0,deint,0.00247955322265625,0.06115579605102539,2,2,0.6222638285869881,0.19609804902451225,0.7411069869995117
421,1840,0.8502747809009852,0.8886952818439311,0.8745,1.0,0.7396955002856132,0.8503735281998192,0.0,mode,0.00247955322265625,0.05446815490722656,3,2,0.8731772588797816,0.3156578289144572,0.8599528670310974
421,1840,1.0,1.0,1.0,1.0,1.0,1.0,0.0,deint,0.00247955322265625,0.05446815490722656,2,2,0.6458852893670092,0.16358179089544772,0.7474279403686523
422,1840,0.8821012456700249,0.953864000148597,0.925,0.9999999999999996,0.7892315928599534,0.8822017183347689,0.0,mode,0.00247955322265625,0.06378674507141113,3,2,0.6586889387709922,0.2836418209104552,0.6891159415245056
422,1840,1.0,1.0,1.0,1.0,1.0,1.0,0.0,deint,0.00247955322265625,0.06378674507141113,2,2,0.5198581203822322,0.2221110555277639,0.6484936475753784
423,1840,0.8971157771723819,0.9746489077405991,0.9475,1.0000000000000002,0.8136136796476761,0.8972293149065063,0.0,mode,0.00247955322265625,0.06213569641113281,3,2,0.5043821295510847,0.22761380690345173,0.8207105994224548
423,1840,1.0,1.0,1.0,1.0,1.0,1.0,0.0,deint,0.00247955322265625,0.06213569641113281,2,2,0.410372200416673,0.19459729864932465,0.7882686257362366
424,1840,0.8602723325356205,0.88379268528672,0.8755,1.0,0.7551956164077092,0.8605258688525428,0.0,mode,0.0024805665016174316,0.06131696701049805,4,3,0.9456539074398618,0.39119559779889945,0.711196780204773
424,1840,1.0,1.0,1.0,1.0,1.0,1.0,0.0,deint,0.0024805665016174316,0.06131696701049805,3,3,0.7141536855394832,0.25062531265632815,0.5384531021118164
425,1841,0.842242587417407,0.8663408119817265,0.7875,1.0,0.728940912542255,0.8432224690321102,0.0,mode,0.0024805665016174316,0.05466318130493164,9,5,1.4964388473925652,0.5057528764382191,0.10087846219539642
425,1841,1.0,1.0,1.0,1.0,1.0,1.0,0.0,deint,0.0024805665016174316,0.05466318130493164,5,5,1.0908154991380634,0.3536768384192096,0.11956989765167236
426,1841,0.779850948334415,0.6325362215657145,0.665,1.0000000000000002,0.6400832626503945,0.7805497162577126,0.0,mode,0.0024805665016174316,0.050486087799072266,7,4,1.7518093817664335,0.6303151575787894,0.18329571187496185
426,1841,1.0,1.0,1.0,1.0,1.0,1.0,0.0,deint,0.0024805665016174316,0.050486087799072266,4,4,1.1213038646706872,0.32566283141570784,0.1962287873029709
427,1841,0.9109588074435347,0.9972159888237817,0.9885,1.0,0.8378312254667819,0.911760790498034,0.0,mode,0.0024805665016174316,0.07033419609069824,6,3,0.15597872562483994,0.03851925962981491,0.9661839604377747
427,1841,1.0,1.0,1.0,1.0,1.0,1.0,0.0,deint,0.0024805665016174316,0.07033419609069824,3,3,0.13068384703970537,0.03301650825412707,0.9675806760787964
428,1841,0.9034873082485606,0.996543744326877,0.985,1.0,0.8254494375462106,0.9043794044011307,0.0,mode,0.002509474754333496,0.06895923614501953,6,3,0.1723521021287325,0.04102051025512756,0.9655182957649231
428,1841,1.0,1.0,1.0,1.0,1.0,1.0,0.0,deint,0.002509474754333496,0.06895923614501953,3,3,0.142267945957339,0.03251625812906453,0.9672037363052368
429,1841,0.904609714000713,0.9965181881893594,0.9835,1.0000000000000002,0.8273389078805513,0.9055122772383201,0.0,mode,0.002509474754333496,0.06723260879516602,6,3,0.1802935234064338,0.04302151075537769,0.9632388949394226
429,1841,1.0,1.0,1.0,1.0,1.0,1.0,0.0,deint,0.002509474754333496,0.06723260879516602,3,3,0.14916384694941887,0.03401700850425213,0.9671727418899536
430,1842,0.9949417205458759,0.9997078336272495,0.9945,1.0,0.9899808249046376,0.9949651901314965,0.0,mode,0.002509474754333496,0.05986142158508301,6,5,1.1236755796839715,0.46473236618309155,0.44835105538368225
430,1842,1.0,1.0,1.0,1.0,1.0,1.0,0.0,deint,0.002509474754333496,0.05986142158508301,4,4,0.6727469121110452,0.1805902951475738,0.43024304509162903
431,1842,0.9816188822066666,0.9973439086401841,0.9825,1.0,0.9640287535988713,0.9816849695630906,0.0,mode,0.002509474754333496,0.05048036575317383,6,4,1.0824387074486193,0.3246623311655828,0.3030188977718353
431,1842,0.9840078073174539,0.9974414096933993,0.9825,1.0,0.9686093479634736,0.9840544026324979,0.0,deint,0.002509474754333496,0.05048036575317383,5,4,1.0773198093503522,0.3246623311655828,0.3061210811138153
432,1842,0.9873809806687012,0.9887658744965769,0.991,1.0,0.9751593005523812,0.9874234450655844,0.0,mode,0.0025200843811035156,0.04756808280944824,6,5,1.5427228252092575,0.29064532266133064,0.2751898765563965
432,1842,1.0,1.0,1.0,1.0,1.0,1.0,0.0,deint,0.0025200843811035156,0.04756808280944824,4,4,1.0971909622137024,0.28114057028514255,0.050553131848573685
433,1842,0.8580124740157252,0.7293776031494674,0.8665,0.9999999999999999,0.7523370710711281,0.8586670720961885,0.0,mode,0.0025200843811035156,0.06209444999694824,6,5,1.3147452621337417,0.6533266633316658,0.3511706590652466
433,1842,1.0,1.0,1.0,1.0,1.0,1.0,0.0,deint,0.0025200843811035156,0.06209444999694824,4,4,0.8639694043419894,0.448224112056028,0.259705126285553
434,1842,0.7932968730771848,0.5262952921109034,0.653,1.0,0.658862958598095,0.7943548985564185,0.0,mode,0.0025200843811035156,0.06351709365844727,7,5,1.4577225624313386,0.8894447223611806,0.2065727859735489
434,1842,1.0,1.0,1.0,0.9999999999999998,1.0,0.9999999999999999,0.0,deint,0.0025200843811035156,0.06351709365844727,4,4,0.5509024717907703,0.2651325662831416,0.3536936044692993
435,1843,1.0,1.0,1.0,1.0,1.0,1.0,0.0,mode,0.0025200843811035156,0.06390714645385742,2,2,0.38828325358716054,0.19559779889944973,0.9218746423721313
435,1843,1.0,1.0,1.0,1.0,1.0,1.0,0.0,deint,0.0025200843811035156,0.06390714645385742,2,2,0.38828325358716054,0.19559779889944973,0.9218746423721313
436,1843,1.0,1.0,1.0,1.0,1.0,1.0,0.0,mode,0.0025141239166259766,0.06352972984313965,2,2,0.5410824654117082,0.13056528264132067,0.9090225696563721
436,1843,1.0,1.0,1.0,1.0,1.0,1.0,0.0,deint,0.0025141239166259766,0.06352972984313965,2,2,0.5410824654117082,0.13056528264132067,0.9090225696563721
437,1843,1.0,1.0,1.0,1.0,1.0,1.0,0.0,mode,0.0025141239166259766,0.06178927421569824,2,2,0.3967098182396782,0.2036018009004502,0.9018138647079468
437,1843,1.0,1.0,1.0,1.0,1.0,1.0,0.0,deint,0.0025141239166259766,0.06178927421569824,2,2,0.3967098182396782,0.2036018009004502,0.9018138647079468
438,1843,1.0,1.0,1.0,1.0,1.0,1.0,0.0,mode,0.0025141239166259766,0.05979347229003906,2,2,0.594832334200964,0.14507253626813407,0.8786082863807678
438,1843,1.0,1.0,1.0,1.0,1.0,1.0,0.0,deint,0.0025141239166259766,0.05979347229003906,2,2,0.594832334200964,0.14507253626813407,0.8786082863807678
439,1843,1.0,1.0,1.0,1.0,1.0,1.0,0.0,mode,0.0025141239166259766,0.06245231628417969,3,3,0.34299497240753707,0.17258629314657328,0.6747384071350098
439,1843,1.0,1.0,1.0,1.0,1.0,1.0,0.0,deint,0.0025141239166259766,0.06245231628417969,3,3,0.34299497240753707,0.17258629314657328,0.6747384071350098
440,1844,0.6667863123336127,0.29872514241426057,0.4795,0.9999999999999998,0.5029920139674631,0.6693209402220441,0.0,mode,0.0024913549423217773,0.04978537559509277,14,5,2.3162931086037264,0.7113556778389195,0.053873613476753235
440,1844,0.9944259534949703,0.9994066690305339,0.996,0.9999999999999998,0.9889622808994296,0.9944505136137729,0.0,deint,0.0024913549423217773,0.04978537559509277,6,5,1.1780802546753908,0.20560280140070036,0.3075430989265442
441,1844,0.7171061675176776,0.6789433960703081,0.639,1.0,0.5610350338807073,0.7187987735111665,0.0,mode,0.0024913549423217773,0.0551447868347168,12,4,1.8480461742212957,0.631815907953977,0.3273214101791382
441,1844,0.9829022375142829,0.9960612718077376,0.9875,1.0,0.9664777551871895,0.9829531533095732,0.0,deint,0.0024913549423217773,0.0551447868347168,5,4,1.0727806642135764,0.3416708354177089,0.5048884153366089
442,1844,0.9034833610658382,0.9795325458363427,0.9105,0.9999999999999998,0.8255205772170348,0.9044221002159529,0.0,mode,0.0024913549423217773,0.05814313888549805,11,5,1.1343310803026039,0.1730865432716358,0.8424943089485168
442,1844,1.0,1.0,1.0,1.0,1.0,1.0,0.0,deint,0.0024913549423217773,0.05814313888549805,4,4,0.5119485284257389,0.096048024012006,0.6218875050544739
443,1844,0.8560352835002406,0.9945614282642318,0.977,1.0000000000000002,0.7505874233540998,0.8575263518299308,0.35000000000000003,mode,0.0024913549423217773,0.06301569938659668,9,3,0.1986844959376217,0.04402201100550275,0.9609180688858032
443,1844,0.9920090574451461,0.9999470327647564,0.9985,1.0000000000000002,0.9842253549421331,0.9920499730443538,0.35000000000000003,deint,0.0024913549423217773,0.06301569938659668,4,3,0.15152026250820802,0.02801400700350175,0.9718214869499207
444,1844,0.8748564505665866,0.9953851140624626,0.9805,1.0000000000000002,0.779820630751977,0.8762912591057018,0.1,mode,0.0025160908699035645,0.07088947296142578,9,4,0.20255860940515058,0.04852426213106553,0.956164538860321
444,1844,1.0,1.0,1.0,1.0,1.0,1.0,0.1,deint,0.0025160908699035645,0.07088947296142578,4,4,0.15795938285240635,0.03501750875437719,0.962925136089325
445,1845,0.7772815392840438,0.4581220481303714,0.6,0.9999999999999996,0.6382350732417619,0.7791739826187624,0.0,mode,0.0025160908699035645,0.047884464263916016,14,6,2.4236558875001237,0.6863431715857929,0.14342039823532104
445,1845,0.9849556372837048,0.9953409206649738,0.9895,1.0,0.9704350919117375,0.9849957462645581,0.0,deint,0.0025160908699035645,0.047884464263916016,5,4,1.180303695206231,0.37718859429714857,0.31682702898979187
446,1845,0.976331685012648,0.9995040468883288,0.9885,1.0,0.9540593089007187,0.9764896127307794,0.0,mode,0.0025160908699035645,0.06811022758483887,8,4,0.5200890663760992,0.3031515757878939,0.9651438593864441
446,1845,1.0,1.0,1.0,1.0,1.0,1.0,0.0,deint,0.0025160908699035645,0.06811022758483887,3,3,0.09946913583385492,0.02301150575287644,0.7794549465179443
447,1845,0.9595305907770787,0.9989473105648977,0.9835,0.9999999999999999,0.9228867185963345,0.9598971272421307,0.3,mode,0.0025160908699035645,0.06796026229858398,9,4,0.44575786212056023,0.20560280140070036,0.9500508904457092
447,1845,0.9920860072303703,0.9999544435261916,0.999,1.0,0.9843798837924802,0.9921284647485605,0.3,deint,0.0025160908699035645,0.06796026229858398,4,3,0.1222489303707673,0.02501250625312656,0.5381123423576355
448,1845,0.9640296217433413,0.9989816875050072,0.984,1.0,0.9312262320391622,0.9643885491922817,0.2,mode,0.0024825334548950195,0.06645679473876953,9,5,0.4864412877601984,0.2321160580290145,0.9214909672737122
448,1845,1.0,1.0,1.0,1.0,1.0,1.0,0.2,deint,0.0024825334548950195,0.06645679473876953,4,4,0.13949531018436181,0.032016008004002,0.09646499902009964
449,1845,0.9735793964134822,0.9994339083674193,0.988,0.9999999999999999,0.9490046564100956,0.9738351863746525,0.0,mode,0.0024825334548950195,0.07151579856872559,9,5,0.4943465670742774,0.24762381190595298,0.9342195987701416
449,1845,1.0,1.0,1.0,1.0000000000000002,1.0,1.0000000000000002,0.0,deint,0.0024825334548950195,0.07151579856872559,4,4,0.13379134825894748,0.032016008004002,0.5067561268806458
450,1846,0.8990334112666022,0.9338371821443385,0.8565,1.0000000000000002,0.8178727011522973,0.8998129523963602,0.0,mode,0.0024825334548950195,0.05426979064941406,8,6,1.3349188846546705,0.45222611305652827,0.2982834279537201
450,1846,1.0,1.0,1.0,1.0,1.0,1.0,0.0,deint,0.0024825334548950195,0.05426979064941406,5,5,0.9398477111684407,0.32116058029014505,0.3544796407222748
451,1846,0.9379839141504823,0.962421990328157,0.8975,0.9999999999999998,0.8837038338724248,0.9382619687679354,0.0,mode,0.0024825334548950195,0.05131840705871582,7,5,1.4638862623826088,0.6398199099549775,0.2080553025007248
451,1846,1.0,1.0,1.0,1.0,1.0,1.0,0.0,deint,0.0024825334548950195,0.05131840705871582,4,4,1.1533216258633008,0.5827913956978489,0.29718294739723206
452,1846,0.9713990475714036,0.9937276667333244,0.9575,1.0,0.9446530383829035,0.9715389015291278,0.0,mode,0.0024749040603637695,0.05842089653015137,7,5,1.2893107737526626,0.8099049524762382,0.6865323781967163
452,1846,1.0,1.0,1.0,1.0,1.0,1.0,0.0,deint,0.0024749040603637695,0.05842089653015137,4,4,0.6815960446648669,0.3706853426713357,0.22081921994686127
453,1846,0.724784608101471,0.6941216427824137,0.701,0.9999999999999997,0.5686288217614496,0.7250011141870044,0.0,mode,0.0024749040603637695,0.05345773696899414,4,2,1.2175727651613169,0.5637818909454727,0.6547887921333313
453,1846,1.0,1.0,1.0,1.0,1.0,1.0,0.0,deint,0.0024749040603637695,0.05345773696899414,2,2,0.6923469668899616,0.21210605302651325,0.6255465149879456
454,1846,0.8971033758765459,0.9186697365349296,0.849,1.0,0.8139300487299859,0.8974216500794558,0.0,mode,0.0024749040603637695,0.05498623847961426,6,4,1.3690837476483142,0.6048024012006002,0.2099437266588211
454,1846,1.0,1.0,1.0,1.0,1.0,1.0,0.0,deint,0.0024749040603637695,0.05498623847961426,3,3,0.595028351208695,0.2846423211605803,0.4303123652935028
455,1848,0.2051959693995071,0.06377126694349272,0.492,1.000000000000003,0.11513704479491178,0.20649846641241665,0.0,mode,0.0024749040603637695,0.06745052337646484,5,2,1.170276415919899,0.7468734367183592,0.4626365900039673
455,1848,0.9325066739405593,0.9962767291778207,0.9895,1.0,0.8740094853551778,0.9327695427214214,0.0,deint,0.0024749040603637695,0.06745052337646484,3,2,0.15416556705080575,0.0335167583791896,0.4527270495891571
456,1848,0.5550347755073499,0.2576063606833605,0.5635,0.9999999999999998,0.3849862776454102,0.5559423712123968,0.0,mode,0.0025170445442199707,0.06580781936645508,5,3,1.4324020049512156,0.7458729364682342,0.4714486598968506
456,1848,1.0,1.0,1.0,1.0,1.0,1.0,0.0,deint,0.0025170445442199707,0.06580781936645508,3,3,0.5514551158704839,0.17258629314657328,0.42289435863494873
457,1848,0.7786400576719947,0.6522957176447335,0.7435,1.0000000000000004,0.6380178647251927,0.7790120956125615,0.0,mode,0.0025170445442199707,0.05150461196899414,5,3,1.460058403681511,0.5757878939469735,0.6102899312973022
457,1848,1.0,1.0,1.0,1.0,1.0,1.0,0.0,deint,0.0025170445442199707,0.05150461196899414,3,3,0.93154334510996,0.2046023011505753,0.6167529225349426
458,1848,0.9831182156057973,0.9993478972404892,0.9885,1.0,0.9668954628591031,0.9831691425568821,0.0,mode,0.0025170445442199707,0.06586098670959473,5,3,0.6634627732108499,0.4577288644322161,0.9228013753890991
458,1848,1.0,1.0,1.0,1.0,1.0,1.0,0.0,deint,0.0025170445442199707,0.06586098670959473,3,3,0.6414991453769368,0.4562281140570285,0.9237415790557861
459,1848,0.970798394040886,0.9989315417073427,0.988,1.0,0.9435245059249485,0.9709417123875296,0.0,mode,0.0025170445442199707,0.06531786918640137,5,3,0.43264709333955775,0.2161080540270135,0.7675551772117615
459,1848,1.0,1.0,1.0,1.0,1.0,1.0,0.0,deint,0.0025170445442199707,0.06531786918640137,3,3,0.4082131351548336,0.21010505252626313,0.7655255794525146
460,1849,0.9352340246177644,0.9677274483096802,0.9105,0.9999999999999999,0.8787087410687503,0.9354390298614088,0.0,mode,0.0024779438972473145,0.060862064361572266,5,4,1.025788862004123,0.42971485742871435,0.46898481249809265
460,1849,1.0,1.0,1.0,1.0,1.0,1.0,0.0,deint,0.0024779438972473145,0.060862064361572266,4,4,0.9013696395733434,0.39919959979989994,0.3950785994529724
461,1849,0.8790676733488096,0.9418030450059586,0.8785,0.9999999999999997,0.784763356699187,0.8794032595453548,0.0,mode,0.0024779438972473145,0.06217598915100098,5,3,0.8307572902897855,0.3506753376688344,0.6018913388252258
461,1849,1.0,1.0,1.0,1.0,1.0,1.0,0.0,deint,0.0024779438972473145,0.06217598915100098,3,3,0.6519478798225149,0.2606303151575788,0.538796603679657
462,1849,0.7475272059056458,0.575943753616048,0.695,0.9999999999999991,0.5974200604147598,0.7479811669068978,0.0,mode,0.0024779438972473145,0.05384635925292969,5,3,1.3999533011329925,0.6148074037018509,0.5830237865447998
462,1849,1.0,1.0,1.0,1.0,1.0,1.0,0.0,deint,0.0024779438972473145,0.05384635925292969,3,3,0.8363601857394255,0.23111555777888945,0.5342713594436646
463,1849,0.6475758461777823,0.3922850983984945,0.537,1.0,0.4796718595944985,0.6483489653252603,0.0,mode,0.0024779438972473145,0.06226229667663574,5,3,1.2507009712778112,0.8109054527263632,0.664139986038208
463,1849,1.0,1.0,1.0,1.0,1.0,1.0,0.0,deint,0.0024779438972473145,0.06226229667663574,3,3,0.5999260606293089,0.2591295647823912,0.2607352137565613
464,1849,0.35449688328382595,0.15317003963858863,0.5025,1.0000000000000018,0.21615699239224204,0.35547547519675143,0.0,mode,0.002478957176208496,0.05687451362609863,4,2,0.8840208618196363,0.7818909454727364,0.9502579569816589
464,1849,1.0,1.0,1.0,1.0,1.0,1.0,0.0,deint,0.002478957176208496,0.05687451362609863,2,2,0.1910872905893934,0.09054527263631816,0.7037534117698669
465,1850,1.0,1.0,1.0,1.0,1.0,1.0,0.0,mode,0.002478957176208496,0.06083226203918457,2,2,0.538671479519038,0.0005002501250625312,0.7031666040420532
465,1850,1.0,1.0,1.0,1.0,1.0,1.0,0.0,deint,0.002478957176208496,0.06083226203918457,2,2,0.538671479519038,0.0005002501250625312,0.7031666040420532
466,1850,1.0,1.0,1.0,1.0,1.0,1.0,0.0,mode,0.002478957176208496,0.06669139862060547,1,1,-1.000000082690371e-10,0.0,0.0
466,1850,1.0,1.0,1.0,1.0,1.0,1.0,0.0,deint,0.002478957176208496,0.06669139862060547,1,1,-1.000000082690371e-10,0.0,0.0
467,1850,1.0,1.0,1.0,1.0,1.0,1.0,0.0,mode,0.002478957176208496,0.07332515716552734,1,1,-1.000000082690371e-10,0.0,0.0
467,1850,1.0,1.0,1.0,1.0,1.0,1.0,0.0,deint,0.002478957176208496,0.07332515716552734,1,1,-1.000000082690371e-10,0.0,0.0
468,1850,1.0,1.0,1.0,1.0,1.0,1.0,0.0,mode,0.0025058984756469727,0.06869173049926758,1,1,-1.000000082690371e-10,0.0,0.0
468,1850,1.0,1.0,1.0,1.0,1.0,1.0,0.0,deint,0.0025058984756469727,0.06869173049926758,1,1,-1.000000082690371e-10,0.0,0.0
469,1850,1.0,1.0,1.0,1.0,1.0,1.0,0.0,mode,0.0025058984756469727,0.06871747970581055,1,1,-1.000000082690371e-10,0.0,0.0
469,1850,1.0,1.0,1.0,1.0,1.0,1.0,0.0,deint,0.0025058984756469727,0.06871747970581055,1,1,-1.000000082690371e-10,0.0,0.0
470,1851,0.6610788550720683,0.5321321949016636,0.6815,0.9795082581407113,0.5009421684709359,0.6628752736979174,0.0,mode,0.0025058984756469727,0.05860781669616699,8,4,1.3140581101773505,0.23311655827913957,0.7279601097106934
470,1851,1.0,1.0,1.0,1.0,1.0,1.0,0.0,deint,0.0025058984756469727,0.05860781669616699,3,3,0.6468229324862811,0.10055027513756878,0.6772904992103577
471,1851,0.9177728015322094,0.9977304493895233,0.985,0.9999999999999998,0.849385464120245,0.9185596843914836,0.0,mode,0.0025058984756469727,0.07030987739562988,6,3,0.16232135357025754,0.04602301150575288,0.9510189890861511
471,1851,1.0,1.0,1.0,1.0,1.0,1.0,0.0,deint,0.0025058984756469727,0.07030987739562988,3,3,0.13787339844853091,0.04052026013006503,0.9554885029792786
472,1851,0.9187455850933421,0.997860188071164,0.985,1.0000000000000002,0.8510230402522949,0.9195164206452021,0.0,mode,0.0024833083152770996,0.0678107738494873,6,3,0.15714279634838357,0.04502251125562781,0.9596462249755859
472,1851,1.0,1.0,1.0,1.0,1.0,1.0,0.0,deint,0.0024833083152770996,0.0678107738494873,3,3,0.13373214051276247,0.0400200100050025,0.9639638662338257
473,1851,0.9169805648523413,0.9975680561113741,0.984,1.0000000000000002,0.8480731520793099,0.9177917563762271,0.0,mode,0.0024833083152770996,0.06788253784179688,6,3,0.17272090423906045,0.05052526263131566,0.9746620059013367
473,1851,1.0,1.0,1.0,1.0,1.0,1.0,0.0,deint,0.0024833083152770996,0.06788253784179688,3,3,0.14647996189685256,0.04502251125562781,0.9729899764060974
474,1851,0.9173097249722609,0.9976629225990432,0.988,1.0,0.8484383842970893,0.9180055894800381,0.0,mode,0.0024833083152770996,0.06765174865722656,6,3,0.13611041749656932,0.03751875937968985,0.9741836190223694
474,1851,1.0,1.0,1.0,1.0,1.0,1.0,0.0,deint,0.0024833083152770996,0.06765174865722656,3,3,0.11548130291585458,0.032016008004002,0.9731176495552063
475,1852,0.9226031408605367,0.9330109119488968,0.921,1.0,0.8572226861271051,0.9231232124508286,0.0,mode,0.0024833083152770996,0.048886775970458984,8,6,1.3977950403740182,0.3951975987993997,-0.20744888484477997
475,1852,1.0000000000000002,1.0,1.0,1.0000000000000002,1.0,1.0000000000000002,0.0,deint,0.0024833083152770996,0.048886775970458984,5,5,1.1863032298715424,0.344672336168084,0.07738268375396729
476,1852,0.7089669110122523,0.7097314733081531,0.987,1.0000000000000004,0.551563456712166,0.7109776326918066,0.0,mode,0.0024837851524353027,0.0722508430480957,5,3,0.1316984703565146,0.03751875937968985,0.9256523847579956
476,1852,1.0000000000000002,1.0,1.0,1.0000000000000002,1.0,1.0000000000000002,0.0,deint,0.0024837851524353027,0.0722508430480957,3,3,0.07264006352932541,0.017008504252126064,0.9190035462379456
477,1852,0.9757458331717931,0.9994823614894013,0.997,0.9999999999999999,0.9530440893311526,0.975957577749856,0.2,mode,0.0024837851524353027,0.07013273239135742,5,4,0.1300931642057098,0.03801900950475238,0.9589633941650391
477,1852,1.0,1.0,1.0,1.0,1.0,1.0,0.2,deint,0.0024837851524353027,0.07013273239135742,3,3,0.07040862801618332,0.016008004002001,0.9569748044013977
478,1852,0.9816827137189825,0.9996820830837271,0.9975,1.0000000000000002,0.9643615524418523,0.9818574907893884,0.0,mode,0.0024837851524353027,0.06699490547180176,5,4,0.1394194000879473,0.03901950975487744,0.9685877561569214
478,1852,1.0,1.0,1.0,1.0,1.0,1.0,0.0,deint,0.0024837851524353027,0.06699490547180176,3,3,0.08322402389513152,0.02001000500250125,0.9553334712982178
479,1852,0.48546360262229077,0.3968794153796613,0.9635,0.9999999999999882,0.3233256667060259,0.4886562315546036,0.0,mode,0.0024837851524353027,0.06953263282775879,5,3,0.2267672114057902,0.08504252126063032,0.9744912385940552
479,1852,1.0,1.0,1.0,1.0,1.0,1.0,0.0,deint,0.0024837851524353027,0.06953263282775879,3,3,0.07331965967650698,0.016008004002001,0.9227390289306641
480,1853,0.8890120881569801,0.9479003013078636,0.8715,1.0,0.8014483003358069,0.8897821826875735,0.0,mode,0.0025228261947631836,0.05656003952026367,8,5,1.1506290160043888,0.39919959979989994,0.4878811538219452
480,1853,0.9914184239490954,0.9994593472939666,0.991,1.0000000000000002,0.9830738603275937,0.9914646952839115,0.0,deint,0.0025228261947631836,0.05656003952026367,6,5,0.9380471869507296,0.3216608304152076,0.4474441409111023
481,1853,0.9407858596788227,0.9682771931926537,0.9115,0.9999999999999998,0.8887477030252935,0.941097322423472,0.0,mode,0.0025228261947631836,0.052938222885131836,8,5,1.4570780350275816,0.552776388194097,0.2658272683620453
481,1853,1.0,1.0,1.0,1.0,1.0,1.0,0.0,deint,0.0025228261947631836,0.052938222885131836,5,5,1.2949747569703696,0.5077538769384692,0.27028191089630127
482,1853,0.9501356101755891,0.9848303750377231,0.9375,0.9999999999999998,0.9058071849250868,0.950575894655043,0.0,mode,0.0025228261947631836,0.05292105674743652,10,6,1.2094861869636282,0.19809904952476237,0.7042248249053955
482,1853,1.0,1.0,1.0,1.0,1.0,1.0,0.0,deint,0.0025228261947631836,0.05292105674743652,5,5,0.6490961452364207,0.14057028514257128,0.08330395072698593
483,1853,0.9704041634497201,0.9992632087752402,0.9955,1.0000000000000002,0.9430228518237473,0.9706760277560437,0.0,mode,0.0025228261947631836,0.06673216819763184,5,4,0.13061000374956594,0.03251625812906453,0.9190701842308044
483,1853,1.0000000000000002,1.0,1.0,1.0000000000000002,1.0,1.0000000000000002,0.0,deint,0.0025228261947631836,0.06673216819763184,4,4,0.12316821828413743,0.029014507253626812,0.9233766794204712
484,1853,0.9646555631319178,0.999242825520431,0.9955,1.0,0.9321685981319441,0.9648936423386466,0.0,mode,0.002483963966369629,0.06969785690307617,4,3,0.096883361260152,0.021510755377688845,0.9708479046821594
484,1853,1.0,1.0,1.0,1.0,1.0,1.0,0.0,deint,0.002483963966369629,0.06969785690307617,3,3,0.09031162712105403,0.018009004502251125,0.9748504757881165
485,1854,0.7183129164879652,0.47613658711386825,0.5925,0.9999999999999996,0.5611248198975803,0.7188724600950148,0.0,mode,0.002483963966369629,0.05298113822937012,5,3,1.3056971703105285,0.7398699349674838,0.45822861790657043
485,1854,1.0,1.0,1.0,1.0,1.0,1.0,0.0,deint,0.002483963966369629,0.05298113822937012,3,3,0.7326590895118386,0.2111055527763882,0.08060914278030396
486,1854,0.9062868748070773,0.8449571677898858,0.8335,0.9999999999999999,0.8291201136631912,0.9065780945382605,0.0,mode,0.002483963966369629,0.04969334602355957,7,4,1.6414586519087075,0.5607803901950975,0.47182589769363403
486,1854,0.971615094958886,0.9904063246212709,0.9855,1.0,0.9449056606434517,0.9716724875291273,0.0,deint,0.002483963966369629,0.04969334602355957,5,3,1.0665979858938006,0.31465732866433216,0.23930791020393372
487,1854,0.8966049672695867,0.7926079909580748,0.801,0.9999999999999998,0.8132216963937825,0.896990917339181,0.0,mode,0.002483963966369629,0.049954891204833984,6,5,1.5329713226340465,0.527263631815908,0.5995308756828308
487,1854,1.0000000000000002,1.0,1.0,1.0000000000000002,1.0,1.0000000000000002,0.0,deint,0.002483963966369629,0.049954891204833984,4,4,0.9188704408532099,0.15307653826913456,0.30496737360954285
488,1854,0.6487744852426607,0.39816948841933797,0.5415,1.0000000000000004,0.4809752974073515,0.6495385821078369,0.0,mode,0.002478480339050293,0.057543277740478516,5,3,1.2613968074283493,0.8184092046023012,0.1614377200603485
488,1854,1.0,1.0,1.0,1.0,1.0,1.0,0.0,deint,0.002478480339050293,0.057543277740478516,3,3,0.6067007045420212,0.25162581290645325,0.32383260130882263
489,1854,0.9844103366435681,0.9980552263815261,0.982,1.0,0.9694004196826927,0.9844624891863091,0.0,mode,0.002478480339050293,0.05530071258544922,5,4,0.9813285517336052,0.7823911955977989,0.5435536503791809
489,1854,1.0,1.0,1.0,1.0,1.0,1.0,0.0,deint,0.002478480339050293,0.05530071258544922,3,3,0.30841721659739374,0.11305652826413207,0.7762120366096497
490,1855,0.9459375598418325,0.9118144436290306,0.9075,0.9889543075163283,0.9071365349843545,0.9462801714658783,0.15,mode,0.002478480339050293,0.04848074913024902,7,8,1.7578918763547513,0.5717858929464732,0.47497308254241943
490,1855,0.9953964714366218,0.9965230487534431,0.9985,0.9908596453622441,1.0,0.9954088402670432,0.15,deint,0.002478480339050293,0.04848074913024902,4,5,1.1229368389776402,0.2926463231615808,0.5090624094009399
491,1855,0.8927528332939227,0.7707711087663788,0.828,1.0,0.8069464780765523,0.8931603540748212,0.0,mode,0.002478480339050293,0.04768705368041992,7,5,1.7734877970711138,0.5142571285642822,0.4776422083377838
491,1855,1.0,1.0,1.0,1.0,1.0,1.0,0.0,deint,0.002478480339050293,0.04768705368041992,4,4,1.1144738683137982,0.2786393196598299,0.47064051032066345
492,1855,0.7979196018074678,0.7031283029983553,0.766,1.0000000000000007,0.664357907930707,0.7983353877973303,0.0,mode,0.0025230050086975098,0.06722640991210938,5,3,1.1489993284205273,0.7653826913456728,0.12144628912210464
492,1855,1.0,1.0,1.0,1.0,1.0,1.0,0.0,deint,0.0025230050086975098,0.06722640991210938,2,2,0.09014992233592059,0.03551775887943972,0.9295522570610046
493,1855,0.7551020840560249,0.5824943897299212,0.6635,0.9999999999999996,0.6072208674010947,0.7556159576038628,0.0,mode,0.0025230050086975098,0.06379127502441406,5,3,1.1885418442269893,0.9019509754877438,0.37897026538848877
493,1855,1.0,1.0,1.0,1.0,1.0,1.0,0.0,deint,0.0025230050086975098,0.06379127502441406,2,2,0.098039113079732,0.0400200100050025,0.9293939471244812
494,1855,0.7799488157743134,0.589372008708296,0.6285,1.0000000000000002,0.6397761517644296,0.7803213274885339,0.0,mode,0.0025230050086975098,0.061208248138427734,5,3,1.447716915477717,0.8514257128564282,0.372168630361557
494,1855,1.0,1.0,1.0,1.0,1.0,1.0,0.0,deint,0.0025230050086975098,0.061208248138427734,2,2,0.41126647806596794,0.1520760380190095,0.7565857172012329
495,1856,0.7818971052690729,0.741175363695144,0.681,1.0,0.643089621692107,0.7827809429285209,0.0,mode,0.0025230050086975098,0.04887080192565918,9,4,1.8244514673055228,0.6383191595797899,0.003247394459322095
495,1856,1.0,1.0,1.0,1.0,1.0,1.0,0.0,deint,0.0025230050086975098,0.04887080192565918,4,4,1.173285804083899,0.40370185092546274,0.10283254832029343
496,1856,0.8371583101937905,0.9045202957267043,0.787,1.0000000000000002,0.7216428578547774,0.8383188819474067,0.0,mode,0.0024971961975097656,0.050588130950927734,10,5,1.5391939274483804,0.3231615807903952,0.6002070307731628
496,1856,1.0,1.0,1.0,1.0,1.0,1.0,0.0,deint,0.0024971961975097656,0.050588130950927734,5,5,1.1107483048182112,0.13206603301650827,0.6342552304267883
497,1856,0.9033947915284921,0.9968687291260866,0.978,1.0,0.8260618930741017,0.9047468721703181,0.0,mode,0.0024971961975097656,0.06978964805603027,9,4,0.2419534760944705,0.053526763381690844,0.8546871542930603
497,1856,1.0,1.0,1.0,1.0,1.0,1.0,0.0,deint,0.0024971961975097656,0.06978964805603027,4,4,0.19986854684191344,0.04252126063031516,0.8613178730010986
498,1856,0.8844903649347632,0.9957413122781152,0.9745,0.9999999999999999,0.7952757231289336,0.8859649945501081,0.1,mode,0.0024971961975097656,0.06858420372009277,9,4,0.240536166388803,0.04902451225612806,0.9094136953353882
498,1856,1.0,1.0,1.0,1.0,1.0,1.0,0.1,deint,0.0024971961975097656,0.06858420372009277,4,4,0.19129257397926505,0.03301650825412707,0.9189608097076416
499,1856,0.8821665337271103,0.9961821033690553,0.9775,1.0,0.79131672063747,0.8835028574465232,0.0,mode,0.0024971961975097656,0.06644225120544434,8,3,0.20647631360010732,0.04202101050525263,0.8786884546279907
499,1856,1.0,1.0,1.0,1.0,1.0,1.0,0.0,deint,0.0024971961975097656,0.06644225120544434,3,3,0.1633881597004042,0.029014507253626812,0.8890915513038635
500,1858,0.5955883358196575,0.4336400585195151,0.425,1.0,0.4259480140311419,0.5974243238040505,0.0,mode,0.0024920105934143066,0.05563521385192871,12,3,1.7845595547269841,0.8579289644822411,0.5383244156837463
500,1858,0.977732388938699,0.9974601496227407,0.979,0.9999999999999999,0.9565206928804584,0.9777772311441645,0.0,deint,0.0024920105934143066,0.05563521385192871,4,3,0.7946818129942795,0.21660830415207605,0.4981035888195038
501,1858,0.8254273655728471,0.9004466063462148,0.784,1.0,0.7046228504366583,0.8267199401394405,0.0,mode,0.0024920105934143066,0.05588650703430176,15,4,1.7198179940562472,0.7243621810905453,0.5780538320541382
501,1858,0.9860812558877635,0.998526389963706,0.9935,1.0,0.9726014726155237,0.9861104598344703,0.0,deint,0.0024920105934143066,0.05588650703430176,4,3,0.7593970204401189,0.21410705352676337,0.40273231267929077
502,1858,0.5749927733128738,0.38475704931297455,0.3955,1.0000000000000007,0.4056956123828791,0.5772168722859712,0.0,mode,0.0024920105934143066,0.04822397232055664,17,3,2.243035566348137,0.8544272136068034,-0.151654914021492
502,1858,0.9956874900710295,0.9993699035486682,0.9985,1.0000000000000002,0.9914266181318993,0.9956948542366361,0.0,deint,0.0024920105934143066,0.04822397232055664,4,3,0.9178588423356536,0.2526263131565783,0.39517033100128174
503,1858,0.7153113992294456,0.5170099446257239,0.576,1.0,0.5593647312717942,0.7174264237919308,0.0,mode,0.0024920105934143066,0.059535980224609375,13,4,1.676913733738939,0.8404202101050525,0.3080750107765198
503,1858,0.9796202881614434,0.9984766605658648,0.991,1.0,0.9601702276373595,0.9796804523397704,0.0,deint,0.0024920105934143066,0.059535980224609375,4,3,0.5538652273746837,0.16708354177088544,0.4927794635295868
504,1858,0.6072874591560471,0.39871225793789844,0.4565,1.0000000000000002,0.43751258765757056,0.6087078352065052,0.0,mode,0.0025184154510498047,0.05113625526428223,12,3,2.1531030714167736,0.7153576788394197,0.1201261505484581
504,1858,0.9970559708204088,0.9996113097127521,0.999,1.0,0.9941387866143746,0.9970607796082356,0.0,deint,0.0025184154510498047,0.05113625526428223,4,3,0.9475635686687875,0.28064032016008006,0.3343704044818878
505,1859,0.44611542061191267,0.2292031382212546,0.582,0.9999999999999986,0.2876020828846388,0.4467250973069544,0.0,mode,0.0025184154510498047,0.07215404510498047,4,2,1.0719118056653814,0.5282641320660331,-0.20137786865234375
505,1859,1.0,1.0,1.0,1.0,1.0,1.0,0.0,deint,0.0025184154510498047,0.07215404510498047,2,2,0.30828406789303914,0.0005002501250625312,0.24489639699459076
506,1859,0.0,0.0,0.7455,1.0,0.0,0.0,0.0,mode,0.0025184154510498047,0.07596445083618164,3,1,0.7310038150395534,0.0065032516258129065,-0.20625409483909607
506,1859,1.0,1.0,1.0,1.0,1.0,1.0,0.0,deint,0.0025184154510498047,0.07596445083618164,1,1,-1.000000082690371e-10,0.0,0.0
507,1860,0.6757986714604535,0.513053927808671,0.57,0.9999999999999998,0.5124308460082532,0.6776254892720653,0.0,mode,0.0025184154510498047,0.058878183364868164,13,4,2.1428236866910817,0.6813406703351675,0.014821505174040794
507,1860,1.0,1.0,1.0,1.0,1.0,1.0,0.0,deint,0.0025184154510498047,0.058878183364868164,4,4,1.098048954883795,0.3891945972986493,0.2814970016479492
508,1860,0.6477505847447919,0.4263089612395647,0.447,1.0,0.4813496497387197,0.6498798576333684,0.0,mode,0.0024831295013427734,0.052568912506103516,14,4,2.2845902113465635,0.7333666833416709,0.04191752150654793
508,1860,1.0,1.0,1.0,1.0,1.0,1.0,0.0,deint,0.0024831295013427734,0.052568912506103516,3,3,1.0424361973886445,0.40070035017508754,0.3126349151134491
509,1860,0.7924836409624085,0.6488275742728177,0.607,1.0,0.6580601863509076,0.793771169186783,0.0,mode,0.0024831295013427734,0.06054997444152832,13,4,1.8588158219796254,0.9414707353676839,0.46150147914886475
509,1860,1.0,1.0,1.0,1.0,1.0,1.0,0.0,deint,0.0024831295013427734,0.06054997444152832,3,3,0.7633439415774139,0.2366183091545773,0.715779721736908
510,1860,0.7722171273156624,0.5983029570138475,0.5965,1.0000000000000004,0.6306522647690798,0.7734969354222042,0.0,mode,0.0024831295013427734,0.060610055923461914,12,4,1.881713483024648,0.9119559779889945,0.27932748198509216
510,1860,1.0,1.0,1.0,1.0,1.0,1.0,0.0,deint,0.0024831295013427734,0.060610055923461914,3,3,0.815632937063323,0.29814907453726863,0.405342161655426
511,1860,0.7940823584659118,0.7364011600577538,0.6895,0.9999999999999998,0.6599384991997573,0.7951360842801203,0.0,mode,0.0024831295013427734,0.05753636360168457,12,4,1.975848333141,0.9319659829914958,0.15011680126190186
511,1860,1.0,1.0,1.0,0.9999999999999999,1.0,0.9999999999999999,0.0,deint,0.0024831295013427734,0.05753636360168457,3,3,0.8370323459472437,0.27163581790895447,0.25012484192848206
512,1861,0.7928703229801678,0.8831292995204703,0.819,1.0000000000000002,0.6571006571842155,0.793072713278355,0.0,mode,0.0024868249893188477,0.06064462661743164,4,2,0.9296358101507728,0.3381690845422711,0.7075517177581787
512,1861,1.0,1.0,1.0,1.0,1.0,1.0,0.0,deint,0.0024868249893188477,0.06064462661743164,2,2,0.6108643018548935,0.15307653826913456,0.8176495432853699
513,1861,0.7688554339299204,0.8179325793953612,0.7745,0.9999999999999997,0.6247704017134422,0.7690568477300853,0.0,mode,0.0024868249893188477,0.061695098876953125,4,2,1.0621061005858172,0.4192096048024012,0.6319779753684998
513,1861,1.0,1.0,1.0,1.0,1.0,1.0,0.0,deint,0.0024868249893188477,0.061695098876953125,2,2,0.6635724551752071,0.16508254127063532,0.778929591178894
514,1861,0.8069861779141067,0.9128129747289674,0.8475,0.9999999999999998,0.6767171119030206,0.8071929451891479,0.0,mode,0.0024868249893188477,0.059606313705444336,4,2,0.8389943478843853,0.3486743371685843,0.6961781978607178
514,1861,1.0,1.0,1.0,1.0,1.0,1.0,0.0,deint,0.0024868249893188477,0.059606313705444336,2,2,0.5677618320739666,0.21560780390195097,0.7992817163467407
515,1861,0.7096484459732071,0.47341004973130296,0.619,0.9999999999999999,0.5505649382531425,0.710147539997139,0.0,mode,0.0024868249893188477,0.06439423561096191,5,3,1.5105705974146386,0.5577788894447223,0.26041698455810547
515,1861,1.0,1.0,1.0,1.0,1.0,1.0,0.0,deint,0.0024868249893188477,0.06439423561096191,3,3,0.8316672076678857,0.1025512756378189,0.49534446001052856
516,1861,0.9061548471820464,0.9417309177249236,0.8805,1.0,0.8286861127209914,0.9063185933948487,0.0,mode,0.0025037527084350586,0.05244755744934082,5,3,1.260039763253808,0.34367183591795897,0.26827579736709595
516,1861,1.0,1.0,1.0,1.0,1.0,1.0,0.0,deint,0.0025037527084350586,0.05244755744934082,3,3,1.0441774533990194,0.2481240620310155,0.34330204129219055
517,1862,1.0,1.0,1.0,1.0,1.0,1.0,0.0,mode,0.0025037527084350586,0.05123329162597656,3,3,1.005814684043251,0.2971485742871436,0.31418225169181824
517,1862,1.0,1.0,1.0,1.0,1.0,1.0,0.0,deint,0.0025037527084350586,0.05123329162597656,3,3,1.005814684043251,0.2971485742871436,0.31418225169181824
518,1862,1.0000000000000002,1.0,1.0,1.0000000000000002,1.0,1.0000000000000002,0.0,mode,0.0025037527084350586,0.05728292465209961,3,3,0.7535058489831182,0.13156578289144572,0.444372296333313
518,1862,1.0000000000000002,1.0,1.0,1.0000000000000002,1.0,1.0000000000000002,0.0,deint,0.0025037527084350586,0.05728292465209961,3,3,0.7535058489831182,0.13156578289144572,0.444372296333313
519,1862,1.0,1.0,1.0,1.0,1.0,1.0,0.0,mode,0.0025037527084350586,0.06272006034851074,2,2,0.6198984473659845,0.080040020010005,0.5887568593025208
519,1862,1.0,1.0,1.0,1.0,1.0,1.0,0.0,deint,0.0025037527084350586,0.06272006034851074,2,2,0.6198984473659845,0.080040020010005,0.5887568593025208
520,1863,1.0,1.0,1.0,1.0,1.0,1.0,0.0,mode,0.0024785399436950684,0.05655860900878906,2,2,0.6763079460485554,0.0025012506253126563,0.9894459843635559
520,1863,1.0,1.0,1.0,1.0,1.0,1.0,0.0,deint,0.0024785399436950684,0.05655860900878906,2,2,0.6763079460485554,0.0025012506253126563,0.9894459843635559
521,1863,1.0,1.0,1.0,1.0,1.0,1.0,0.0,mode,0.0024785399436950684,0.08452177047729492,2,2,0.026077832783397644,0.0080040020010005,0.9783645272254944
521,1863,1.0,1.0,1.0,1.0,1.0,1.0,0.0,deint,0.0024785399436950684,0.08452177047729492,2,2,0.026077832783397644,0.0080040020010005,0.9783645272254944
522,1863,1.0,1.0,1.0,1.0,1.0,1.0,0.0,mode,0.0024785399436950684,0.07566428184509277,2,2,0.026077832783397644,0.0080040020010005,0.9849803447723389
522,1863,1.0,1.0,1.0,1.0,1.0,1.0,0.0,deint,0.0024785399436950684,0.07566428184509277,2,2,0.026077832783397644,0.0080040020010005,0.9849803447723389
523,1863,1.0,1.0,1.0,1.0,1.0,1.0,0.0,mode,0.0024785399436950684,0.0852499008178711,2,2,0.01747553356034313,0.0050025012506253125,0.9910557866096497
523,1863,1.0,1.0,1.0,1.0,1.0,1.0,0.0,deint,0.0024785399436950684,0.0852499008178711,2,2,0.01747553356034313,0.0050025012506253125,0.9910557866096497
524,1863,1.0,1.0,1.0,1.0,1.0,1.0,0.2,mode,0.0024828314781188965,0.08688044548034668,2,2,0.01442721466217611,0.00400200100050025,0.9961898326873779
524,1863,1.0,1.0,1.0,1.0,1.0,1.0,0.2,deint,0.0024828314781188965,0.08688044548034668,2,2,0.01442721466217611,0.00400200100050025,0.9961898326873779
525,1864,1.0,1.0,1.0,1.0,1.0,1.0,0.0,mode,0.0024828314781188965,0.05614733695983887,2,2,0.6914056691712165,0.11705852926463231,0.8322703838348389
525,1864,1.0,1.0,1.0,1.0,1.0,1.0,0.0,deint,0.0024828314781188965,0.05614733695983887,2,2,0.6914056691712165,0.11705852926463231,0.8322703838348389
526,1864,1.0,1.0,1.0,1.0,1.0,1.0,0.0,mode,0.0024828314781188965,0.060460567474365234,4,4,1.001086688685705,0.4977488744372186,0.1427096724510193
526,1864,1.0,1.0,1.0,1.0,1.0,1.0,0.0,deint,0.0024828314781188965,0.060460567474365234,3,3,0.854817206639707,0.45572786393196596,0.1818101555109024
527,1864,1.0000000000000002,1.0,1.0,1.0000000000000002,1.0,1.0000000000000002,0.0,mode,0.0024828314781188965,0.046654701232910156,4,4,1.1366621238425791,0.416208104052026,0.4479866623878479
527,1864,1.0,1.0,1.0,1.0,1.0,1.0,0.0,deint,0.0024828314781188965,0.046654701232910156,4,4,1.136662123842579,0.416208104052026,0.4479866623878479
528,1864,1.0,1.0,1.0,1.0,1.0,1.0,0.0,mode,0.002519071102142334,0.06694984436035156,2,2,0.5556469514188689,0.16858429214607304,0.8485961556434631
528,1864,1.0,1.0,1.0,1.0,1.0,1.0,0.0,deint,0.002519071102142334,0.06694984436035156,2,2,0.5556469514188689,0.16858429214607304,0.8485961556434631
529,1864,1.0,1.0,1.0,1.0,1.0,1.0,0.0,mode,0.002519071102142334,0.062294721603393555,3,3,0.5282692122043358,0.21460730365182593,0.4888670742511749
529,1864,1.0,1.0,1.0,1.0,1.0,1.0,0.0,deint,0.002519071102142334,0.062294721603393555,2,2,0.46139273367222583,0.20110055027513757,0.8193151950836182
530,1865,1.0,1.0,1.0,1.0,1.0,1.0,0.0,mode,0.002519071102142334,0.07900285720825195,1,1,-1.000000082690371e-10,0.0,0.0
530,1865,1.0,1.0,1.0,1.0,1.0,1.0,0.0,deint,0.002519071102142334,0.07900285720825195,1,1,-1.000000082690371e-10,0.0,0.0
531,1865,1.0,1.0,1.0,1.0,1.0,1.0,0.0,mode,0.002519071102142334,0.07868027687072754,1,1,-1.000000082690371e-10,0.0,0.0
531,1865,1.0,1.0,1.0,1.0,1.0,1.0,0.0,deint,0.002519071102142334,0.07868027687072754,1,1,-1.000000082690371e-10,0.0,0.0
532,1865,1.0,1.0,1.0,1.0,1.0,1.0,0.0,mode,0.0024770498275756836,0.07495522499084473,1,1,-1.000000082690371e-10,0.0,0.0
532,1865,1.0,1.0,1.0,1.0,1.0,1.0,0.0,deint,0.0024770498275756836,0.07495522499084473,1,1,-1.000000082690371e-10,0.0,0.0
533,1865,1.0,1.0,1.0,1.0,1.0,1.0,0.0,mode,0.0024770498275756836,0.07952046394348145,1,1,-1.000000082690371e-10,0.0,0.0
533,1865,1.0,1.0,1.0,1.0,1.0,1.0,0.0,deint,0.0024770498275756836,0.07952046394348145,1,1,-1.000000082690371e-10,0.0,0.0
534,1865,1.0,1.0,1.0,1.0,1.0,1.0,0.0,mode,0.0024770498275756836,0.07970118522644043,1,1,-1.000000082690371e-10,0.0,0.0
534,1865,1.0,1.0,1.0,1.0,1.0,1.0,0.0,deint,0.0024770498275756836,0.07970118522644043,1,1,-1.000000082690371e-10,0.0,0.0
535,1866,1.0,1.0,1.0,1.0000000000000002,1.0,1.0000000000000002,0.0,mode,0.0024770498275756836,0.06741714477539062,3,3,0.40424948682746376,0.15757878939469736,0.7649767994880676
535,1866,1.0,1.0,1.0,1.0,1.0,1.0,0.0,deint,0.0024770498275756836,0.06741714477539062,3,3,0.4042494868274637,0.15757878939469736,0.7649767994880676
536,1866,0.991426594006986,0.9991662904115693,0.997,0.9999999999999999,0.9830352199561796,0.9914450435004399,0.0,mode,0.0024866461753845215,0.0605931282043457,4,3,0.7300079658846761,0.24712356178089045,0.6058457493782043
536,1866,0.991426594006986,0.9991662904115693,0.997,0.9999999999999999,0.9830352199561796,0.9914450435004399,0.0,deint,0.0024866461753845215,0.0605931282043457,4,3,0.7300079658846761,0.24712356178089045,0.6058457493782043
537,1866,1.0,1.0,1.0,1.0,1.0,1.0,0.0,mode,0.0024866461753845215,0.05924272537231445,3,3,0.5960905256330697,0.2741370685342671,0.5905085206031799
537,1866,1.0,1.0,1.0,1.0,1.0,1.0,0.0,deint,0.0024866461753845215,0.05924272537231445,3,3,0.5960905256330696,0.2741370685342671,0.5905085206031799
538,1866,1.0,1.0,1.0,1.0,1.0,1.0,0.0,mode,0.0024866461753845215,0.07490015029907227,3,3,0.7530605523442151,0.18659329664832416,0.6237893104553223
538,1866,1.0,1.0,1.0,1.0,1.0,1.0,0.0,deint,0.0024866461753845215,0.07490015029907227,3,3,0.7530605523442151,0.18659329664832416,0.6237893104553223
539,1866,1.0,1.0,1.0,1.0,1.0,1.0,0.0,mode,0.0024866461753845215,0.06504321098327637,2,2,0.36392565383384673,0.21460730365182593,0.8396850824356079
539,1866,1.0,1.0,1.0,1.0,1.0,1.0,0.0,deint,0.0024866461753845215,0.06504321098327637,2,2,0.36392565383384673,0.21460730365182593,0.8396850824356079
540,1867,0.9211790623861735,0.9338556617246779,0.906,0.9999999999999998,0.8543167977693649,0.9214356455132781,0.0,mode,0.0024704933166503906,0.06691431999206543,6,4,1.283624616937387,0.30665332666333167,0.6388586163520813
540,1867,0.9909749930507593,0.9986964760276211,0.9935,1.0,0.9821613360557435,0.9910003975863271,0.0,deint,0.0024704933166503906,0.06691431999206543,5,4,1.116539647859999,0.17158579289644824,0.7542298436164856
541,1867,0.9713055329592449,0.9994358158950738,0.9975,0.9999999999999999,0.944607750006273,0.9715149494834892,0.1,mode,0.0024704933166503906,0.07640266418457031,5,4,0.09599863138591327,0.026013006503251626,0.910361111164093
541,1867,1.0,1.0,1.0,1.0,1.0,1.0,0.1,deint,0.0024704933166503906,0.07640266418457031,4,4,0.09068105126943303,0.02351175587793897,0.9153050780296326
542,1867,0.9646907773798754,0.9990336326053149,0.996,0.9999999999999999,0.9323291613753367,0.9649796525471371,0.0,mode,0.0024704933166503906,0.08065199851989746,5,4,0.11579386845317027,0.029014507253626812,0.9236112236976624
542,1867,1.0,1.0,1.0,1.0,1.0,1.0,0.0,deint,0.0024704933166503906,0.08065199851989746,4,4,0.10795800033351496,0.02501250625312656,0.9298295378684998
543,1867,0.9760195916060038,0.9994975669518202,0.997,0.9999999999999999,0.9535815166324002,0.9762392902612957,0.0,mode,0.0024704933166503906,0.08136534690856934,5,4,0.12763710957052227,0.032016008004002,0.9351632595062256
543,1867,0.9999999999999999,1.0,1.0,0.9999999999999999,1.0,0.9999999999999999,0.0,deint,0.0024704933166503906,0.08136534690856934,4,4,0.12171238859962523,0.029014507253626812,0.940062403678894
544,1867,0.9706159532331423,0.9991827168560945,0.995,1.0,0.9434547838011177,0.9709047945595688,0.0,mode,0.0025104284286499023,0.0720827579498291,5,4,0.14877732149354453,0.03801900950475238,0.9590513706207275
544,1867,1.0,1.0,1.0,1.0,1.0,1.0,0.0,deint,0.0025104284286499023,0.0720827579498291,4,4,0.1403646757559288,0.03301650825412707,0.9626680612564087
545,1868,1.0,1.0,1.0,1.0,1.0,1.0,0.0,mode,0.0025104284286499023,0.06986117362976074,2,2,0.4862229644617922,0.04902451225612806,0.6257851123809814
545,1868,1.0,1.0,1.0,1.0,1.0,1.0,0.0,deint,0.0025104284286499023,0.06986117362976074,2,2,0.4862229644617922,0.04902451225612806,0.6257851123809814
546,1868,1.0,1.0,1.0,1.0,1.0,1.0,0.0,mode,0.0025104284286499023,0.049466848373413086,2,2,0.6713564355727345,0.02751375687843922,0.7450239062309265
546,1868,1.0,1.0,1.0,1.0,1.0,1.0,0.0,deint,0.0025104284286499023,0.049466848373413086,2,2,0.6713564355727345,0.02751375687843922,0.7450239062309265
547,1868,1.0,1.0,1.0,1.0,1.0,1.0,0.0,mode,0.0025104284286499023,0.06780743598937988,3,3,0.5331331277203175,0.3231615807903952,0.9358804821968079
547,1868,1.0,1.0,1.0,1.0,1.0,1.0,0.0,deint,0.0025104284286499023,0.06780743598937988,3,3,0.5331331277203175,0.3231615807903952,0.9358804821968079
548,1868,1.0,1.0,1.0,1.0000000000000002,1.0,1.0000000000000002,0.0,mode,0.0025023221969604492,0.06062769889831543,3,3,0.3669900105095183,0.1805902951475738,0.9659214615821838
548,1868,1.0,1.0,1.0,1.0000000000000002,1.0,1.0000000000000002,0.0,deint,0.0025023221969604492,0.06062769889831543,3,3,0.3669900105095183,0.1805902951475738,0.9659214615821838
549,1868,1.0,1.0,1.0,1.0,1.0,1.0,0.0,mode,0.0025023221969604492,0.08236908912658691,2,2,0.15991595511465675,0.0750375187593797,0.9814113974571228
549,1868,1.0,1.0,1.0,1.0,1.0,1.0,0.0,deint,0.0025023221969604492,0.08236908912658691,2,2,0.15991595511465675,0.0750375187593797,0.9814113974571228
550,1869,0.8434644574506767,0.8644847622201566,0.765,1.0,0.7309762087747229,0.8445826176803976,0.0,mode,0.0025023221969604492,0.04463696479797363,12,5,1.8608470015775753,0.6783391695847923,0.18903198838233948
550,1869,0.9895326516054622,0.9977771548949941,0.9855,1.0,0.9793594305724482,0.9895720963516048,0.0,deint,0.0025023221969604492,0.04463696479797363,6,5,1.3889026277282768,0.5047523761880941,0.20017029345035553
551,1869,0.7690036455827433,0.6293672178910907,0.5945,1.0,0.6269396157793033,0.7706980759442625,0.0,mode,0.0025023221969604492,0.06031990051269531,14,5,2.2568105449293556,0.7078539269634817,-0.04415653645992279
551,1869,1.0,1.0,1.0,0.9999999999999999,1.0,0.9999999999999999,0.0,deint,0.0025023221969604492,0.06031990051269531,5,5,1.4148839363024057,0.4927463731865933,0.12532095611095428
552,1869,0.6996588503377523,0.46021613521082544,0.556,1.0,0.5413051996498134,0.7023984604383332,0.0,mode,0.0024896860122680664,0.0591585636138916,12,5,1.4677346109559462,0.9014507253626813,0.6696505546569824
552,1869,1.0,1.0,1.0,1.0,1.0,1.0,0.0,deint,0.0024896860122680664,0.0591585636138916,5,5,0.794492376766016,0.38319159579789897,-0.001098979962989688
553,1869,0.7744418161154315,0.6643889981376617,0.696,0.9845440261874018,0.640425401233525,0.7760478349477369,0.0,mode,0.0024896860122680664,0.06054973602294922,11,5,1.7925407110568714,0.8149074537268635,0.18956366181373596
553,1869,1.0,1.0,1.0,1.0,1.0,1.0,0.0,deint,0.0024896860122680664,0.06054973602294922,4,4,1.1351488901800235,0.5292646323161581,0.2737867832183838
554,1869,0.6600592812150816,0.7247003101510469,0.8475,0.9999999999999986,0.4955851883963455,0.6627308056289871,0.0,mode,0.0024896860122680664,0.05641913414001465,11,3,0.9424845549978098,0.21160580290145073,0.8358885645866394
554,1869,1.0,1.0,1.0,1.0,1.0,1.0,0.0,deint,0.0024896860122680664,0.05641913414001465,3,3,0.46708138599437976,0.09554777388694347,0.8313096761703491
555,1870,0.616674676056703,0.37602794220242025,0.5145,0.9999999999999992,0.4477808112184698,0.6185754193573155,0.0,mode,0.0024896860122680664,0.06534528732299805,7,4,1.3062454074615217,0.8039019509754878,0.3973972499370575
555,1870,1.0,1.0,1.0,1.0,1.0,1.0,0.0,deint,0.0024896860122680664,0.06534528732299805,4,4,0.5849116281169675,0.17258629314657328,0.7270689606666565
556,1870,0.6177749656008554,0.387300489416796,0.511,1.0000000000000018,0.44803001765625644,0.6188131629776935,0.0,mode,0.002507328987121582,0.054502248764038086,6,3,1.3111552517856082,0.8099049524762382,0.651474118232727
556,1870,1.0,1.0,1.0,1.0,1.0,1.0,0.0,deint,0.002507328987121582,0.054502248764038086,3,3,0.5874369105764166,0.1950975487743872,0.5666171908378601
557,1870,0.5947943433041789,0.3524689276700088,0.5115,1.0,0.42449582598582225,0.5959944820365478,0.0,mode,0.002507328987121582,0.06742572784423828,6,3,1.236335398610466,0.6173086543271635,0.1794501394033432
557,1870,1.0,1.0,1.0,1.0,1.0,1.0,0.0,deint,0.002507328987121582,0.06742572784423828,3,3,0.5248192161833579,0.17258629314657328,0.7077996730804443
558,1870,0.6813499319240985,0.39358176358680186,0.526,1.0000000000000002,0.5174189518788668,0.6819724391054944,0.0,mode,0.002507328987121582,0.05054950714111328,6,3,1.6956913009429,0.784392196098049,0.2533816397190094
558,1870,1.0,1.0,1.0,1.0,1.0,1.0,0.0,deint,0.002507328987121582,0.05054950714111328,3,3,0.8773828156544388,0.24212106053026514,0.34395840764045715
559,1870,0.6156820861281505,0.4201066760318635,0.606,1.0,0.44590077912031817,0.616779222418848,0.0,mode,0.002507328987121582,0.06224966049194336,6,3,1.270666337379685,0.6558279139569785,0.3086076080799103
559,1870,1.0,1.0,1.0,1.0,1.0,1.0,0.0,deint,0.002507328987121582,0.06224966049194336,3,3,0.5665911098071031,0.20210105052526264,0.3010029196739197
560,1871,0.9128544572536108,0.9804798113117653,0.942,1.0000000000000002,0.8401745175386478,0.9131465624928178,0.0,mode,0.002492845058441162,0.05736827850341797,4,3,0.5137576705746314,0.11755877938969485,0.8557865023612976
560,1871,1.0,1.0,1.0,1.0,1.0,1.0,0.0,deint,0.002492845058441162,0.05736827850341797,3,3,0.43164610304289036,0.03551775887943972,0.8176450133323669
561,1871,0.9591854691181686,0.9989537089487384,0.9945,1.0,0.9220853862582052,0.9594635002696348,0.0,mode,0.002492845058441162,0.08450460433959961,4,3,0.10216722089235346,0.03301650825412707,0.9624720811843872
561,1871,1.0,1.0,1.0,1.0,1.0,1.0,0.0,deint,0.002492845058441162,0.08450460433959961,3,3,0.09420690140828727,0.03301650825412707,0.9585605263710022
562,1871,0.9652161928227988,0.9993275107813718,0.9965,1.0,0.9331813891055779,0.9654359330836839,0.0,mode,0.002492845058441162,0.06363701820373535,4,3,0.08618410849913823,0.027013506753376687,0.9771646857261658
562,1871,1.0,1.0,1.0,1.0,1.0,1.0,0.0,deint,0.002492845058441162,0.06363701820373535,3,3,0.08042540616132421,0.027013506753376687,0.9743408560752869
563,1871,0.9619790022528053,0.9990679627636697,0.9945,1.0000000000000002,0.9272347040114433,0.9622436769963206,0.0,mode,0.002492845058441162,0.08797478675842285,4,3,0.10478372764748134,0.03401700850425213,0.9879165291786194
563,1871,1.0,1.0,1.0,1.0,1.0,1.0,0.0,deint,0.002492845058441162,0.08797478675842285,3,3,0.09715910876132193,0.03401700850425213,0.9841251373291016
564,1871,0.9599282858917084,0.9990123224381185,0.9945,1.0,0.9234445088869718,0.9601987524156191,0.0,mode,0.0024756193161010742,0.06619691848754883,4,3,0.09959597730592651,0.032016008004002,0.9836663007736206
564,1871,1.0,1.0,1.0,1.0,1.0,1.0,0.0,deint,0.0024756193161010742,0.06619691848754883,3,3,0.09197135841976711,0.032016008004002,0.9796615242958069
565,1872,0.7018268402612836,0.7576485868698364,0.665,1.0,0.5419822438439522,0.702968203437757,0.0,mode,0.0024756193161010742,0.06800174713134766,11,3,1.7216870455175974,0.5167583791895948,0.28864744305610657
565,1872,1.0,1.0,1.0,1.0,1.0,1.0,0.0,deint,0.0024756193161010742,0.06800174713134766,3,3,0.9331238084228726,0.24062031015507754,0.4229415953159332
566,1872,0.7340492683442056,0.5747068915331587,0.6025,0.9999999999999998,0.58219844554551,0.7359360605929299,0.0,mode,0.0024756193161010742,0.04591679573059082,13,5,2.2070200930366557,0.743871935967984,0.1365683674812317
566,1872,1.0,1.0,1.0,1.0,1.0,1.0,0.0,deint,0.0024756193161010742,0.04591679573059082,4,4,0.9915506707546066,0.2661330665332666,0.12951897084712982
567,1872,0.880683774307965,0.9628725260530281,0.8685,0.9999999999999998,0.7881131038034583,0.8815025203127018,0.0,mode,0.0024756193161010742,0.05470132827758789,12,4,1.4375921076814442,0.7748874437218609,0.0238374974578619
567,1872,1.0,1.0,1.0,1.0,1.0,1.0,0.0,deint,0.0024756193161010742,0.05470132827758789,3,3,0.563513887079935,0.12256128064032017,0.5903366804122925
568,1872,0.894906357978955,0.9584724714267967,0.8715,1.0000000000000004,0.8112831850474062,0.8958104306877588,0.0,mode,0.0025183558464050293,0.08164024353027344,13,5,1.6239012359203442,0.4107053526763382,0.5427349805831909
568,1872,1.0,1.0,1.0,1.0,1.0,1.0,0.0,deint,0.0025183558464050293,0.08164024353027344,3,3,0.5171808762594241,0.10305152576288144,0.41313427686691284
569,1872,0.43076216404624545,0.24282994138529598,0.757,1.000000000000003,0.27894857595957845,0.43621546824161744,0.0,mode,0.0025183558464050293,0.06998157501220703,13,4,0.7959219810764842,0.37868934467233617,-0.03247004747390747
569,1872,1.0,1.0,1.0,1.0,1.0,1.0,0.0,deint,0.0025183558464050293,0.06998157501220703,3,3,0.18058145231791822,0.02501250625312656,0.9346579313278198
570,1873,0.9236263167333552,0.994080793805166,0.969,1.0,0.86010204830369,0.9247901738381026,0.0,mode,0.0025183558464050293,0.06515765190124512,8,5,0.44190201461051354,0.11755877938969485,0.9048685431480408
570,1873,0.9798141927134082,0.9990935508152672,0.9915,1.0,0.9607537967445376,0.9799841248194325,0.0,deint,0.0025183558464050293,0.06515765190124512,5,4,0.38008082810411153,0.08554277138569284,0.9411299824714661
571,1873,0.9201432639269317,0.9949683113292628,0.974,0.9999999999999998,0.8538119751711991,0.9211419352195626,0.0,mode,0.0025183558464050293,0.05997753143310547,7,4,0.3536701019245211,0.08904452226113056,0.9204707145690918
571,1873,1.0,1.0,1.0,1.0,1.0,1.0,0.0,deint,0.0025183558464050293,0.05997753143310547,4,4,0.3019677684808432,0.06303151575787894,0.9484405517578125
572,1873,0.9199533368695605,0.9947319428597922,0.973,1.0,0.8534682887866426,0.9209418838725949,0.0,mode,0.0024753212928771973,0.06391787528991699,7,4,0.3596331358883387,0.09154577288644322,0.9337196946144104
572,1873,1.0,1.0,1.0,1.0,1.0,1.0,0.0,deint,0.0024753212928771973,0.06391787528991699,4,4,0.30693547727502235,0.06453226613306653,0.9679137468338013
573,1873,0.9630071461244617,0.997668375456084,0.975,1.0000000000000002,0.9293268194664327,0.9633689949154844,0.0,mode,0.0024753212928771973,0.0556027889251709,8,5,0.7042570165358581,0.32516258129064535,0.8909662365913391
573,1873,1.0000000000000002,1.0,1.0,1.0000000000000002,1.0,1.0000000000000002,0.0,deint,0.0024753212928771973,0.0556027889251709,5,5,0.6544849335076494,0.29964982491245623,0.9184582233428955
574,1873,0.9643157956592694,0.9981611561331368,0.979,1.0000000000000002,0.9318209050022631,0.9647073417514048,0.0,mode,0.0024753212928771973,0.06391143798828125,8,5,0.6127511979917563,0.256128064032016,0.9216982126235962
574,1873,1.0,1.0,1.0,1.0000000000000002,1.0,1.0000000000000002,0.0,deint,0.0024753212928771973,0.06391143798828125,5,5,0.5709743760993559,0.2351175587793897,0.9445281624794006
575,1874,0.9197561438480147,0.9504889636293345,0.921,1.0000000000000002,0.8516550860642237,0.9198852339983632,0.0,mode,0.0024753212928771973,0.05450701713562012,4,3,1.012796934972166,0.3326663331665833,0.6614636778831482
575,1874,1.0,1.0,1.0,1.0,1.0,1.0,0.0,deint,0.0024753212928771973,0.05450701713562012,3,3,0.862553660859964,0.26313156578289143,0.5692568421363831
576,1874,0.9337315201106765,0.9423848689813271,0.91,1.0,0.8759949985086055,0.9338990767086388,0.0,mode,0.0024845004081726074,0.05386233329772949,5,4,1.2784957083113062,0.4302151075537769,0.5113463401794434
576,1874,1.0,1.0,1.0,1.0,1.0,1.0,0.0,deint,0.0024845004081726074,0.05386233329772949,4,4,1.1199558461334187,0.36418209104552274,0.39882031083106995
577,1874,0.9290479655926234,0.9750693057742116,0.947,1.0,0.8677556477855674,0.9291961170770796,0.0,mode,0.0024845004081726074,0.0618593692779541,4,3,0.7803340454117096,0.2976488244122061,0.42246174812316895
577,1874,1.0,1.0,1.0,1.0,1.0,1.0,0.0,deint,0.0024845004081726074,0.0618593692779541,3,3,0.6771392751124726,0.26013006503251623,0.35895922780036926
578,1874,0.8790795976987148,0.7538337847995282,0.82,1.0000000000000002,0.7846958749473201,0.8793608882751326,0.0,mode,0.0024845004081726074,0.046857357025146484,5,4,1.4605786589478398,0.4122061030515258,0.5185409188270569
578,1874,1.0,1.0,1.0,1.0,1.0,1.0,0.0,deint,0.0024845004081726074,0.046857357025146484,4,4,1.146110048704806,0.18959479739869936,0.3311260938644409
579,1874,0.8820550077186082,0.9603463491328593,0.908,0.9999999999999999,0.7891721100382694,0.882164556009527,0.0,mode,0.0024845004081726074,0.06008005142211914,3,2,0.6049440668544024,0.30115057528764383,0.6554586887359619
579,1874,1.0,1.0,1.0,1.0,1.0,1.0,0.0,deint,0.0024845004081726074,0.06008005142211914,2,2,0.4774049857313724,0.2531265632816408,0.659785270690918
580,1876,0.6284560851111828,0.4216443017600943,0.5705,1.0,0.45966300228394197,0.6298207210358898,0.0,mode,0.0025046467781066895,0.06160736083984375,8,3,1.3675086261123046,0.7518759379689844,0.03480207175016403
580,1876,0.9882700058051249,0.9991484444827285,0.9955,1.0,0.9768683436464262,0.988298838196323,0.0,deint,0.0025046467781066895,0.06160736083984375,4,3,0.6434778287098133,0.30965482741370687,0.32361188530921936
581,1876,0.8203406612449599,0.736995792423494,0.6845,0.9999999999999998,0.6964268263064681,0.8210514187903499,0.0,mode,0.0025046467781066895,0.05103921890258789,9,4,1.8166834707013675,0.5807903951975988,0.3961276412010193
581,1876,1.0,1.0,1.0,1.0,1.0,1.0,0.0,deint,0.0025046467781066895,0.05103921890258789,4,4,1.2651871041307574,0.28214107053526766,0.3483416736125946
582,1876,0.7985984588015175,0.8388934717187335,0.7805,1.0000000000000002,0.66556005645857,0.7992027112774669,0.0,mode,0.0025046467781066895,0.0557246208190918,7,3,1.2376339641368101,0.4807403701850925,0.5378386378288269
582,1876,1.0,1.0,1.0,1.0,1.0,1.0,0.0,deint,0.0025046467781066895,0.0557246208190918,3,3,0.8237197312118312,0.2751375687843922,0.560922384262085
583,1876,0.8307861146525287,0.8919092874726756,0.809,0.9999999999999996,0.7111666263853709,0.8312067514869932,0.0,mode,0.0025046467781066895,0.06084895133972168,6,3,1.1953170883608766,0.44172086043021513,0.49716782569885254
583,1876,1.0,1.0,1.0,1.0,1.0,1.0,0.0,deint,0.0025046467781066895,0.06084895133972168,3,3,0.8500696213170891,0.2836418209104552,0.5464663505554199
584,1876,0.726787173682539,0.5898757142883634,0.676,0.9999999999999999,0.571466008904942,0.7273030478122291,0.0,mode,0.0025202035903930664,0.05581068992614746,5,3,1.3870677836241831,0.6413206603301651,0.4643855392932892
584,1876,1.0,1.0,1.0,1.0,1.0,1.0,0.0,deint,0.0025202035903930664,0.05581068992614746,3,3,0.7926620903740688,0.23261630815407705,0.46279412508010864
585,1877,0.9688167830252815,0.9983408366262945,0.9805,1.0,0.9399330534897672,0.9690365879367963,0.0,mode,0.0025202035903930664,0.06668329238891602,6,4,0.5601098625903597,0.25812906453226614,0.8865832686424255
585,1877,1.0,1.0,1.0,1.0,1.0,1.0,0.0,deint,0.0025202035903930664,0.06668329238891602,4,4,0.5264657735982505,0.25162581290645325,0.8857144713401794
586,1877,0.9440697857634754,0.9972536555603694,0.982,0.9638880402349133,0.9263381948988285,0.9447401487500815,0.0,mode,0.0025202035903930664,0.06479859352111816,6,5,0.36013739608010575,0.13806903451725863,0.9246670007705688
586,1877,1.0,1.0,1.0,1.0,1.0,1.0,0.0,deint,0.0025202035903930664,0.06479859352111816,4,4,0.33360902555621247,0.13206603301650827,0.9257492423057556
587,1877,0.9195910733545168,0.9953663055150421,0.9785,0.9999999999999999,0.852317086771116,0.9202712568579071,0.0,mode,0.0025202035903930664,0.07309699058532715,5,3,0.247907761601249,0.0830415207603802,0.9734910726547241
587,1877,1.0,1.0,1.0,1.0,1.0,1.0,0.0,deint,0.0025202035903930664,0.07309699058532715,3,3,0.21129602128208352,0.0750375187593797,0.9715338349342346
588,1877,0.9268834973636819,0.99598785229987,0.9825,1.0,0.8648044086953678,0.9275014630627048,0.0,mode,0.002474188804626465,0.07068300247192383,5,3,0.24841661573853105,0.07903951975987994,0.9475672841072083
588,1877,1.0,1.0,1.0,1.0,1.0,1.0,0.0,deint,0.002474188804626465,0.07068300247192383,3,3,0.21483178461626687,0.06803401700850426,0.950855016708374
589,1877,0.933238766445194,0.9962758918498091,0.982,1.0000000000000002,0.875793821930028,0.9337847386968283,0.0,mode,0.002474188804626465,0.06936216354370117,5,3,0.26134358926448037,0.08104052026013006,0.9695336222648621
589,1877,1.0,1.0,1.0,1.0,1.0,1.0,0.0,deint,0.002474188804626465,0.06936216354370117,3,3,0.22888310101674747,0.07003501750875438,0.9770637154579163
590,1878,0.9082980446238377,0.995047848842212,0.972,0.9999999999999998,0.8334705473302811,0.9091725509786875,0.0,mode,0.002474188804626465,0.0706169605255127,6,3,0.304637477177281,0.10055027513756878,0.9537771940231323
590,1878,1.0,1.0,1.0,1.0,1.0,1.0,0.0,deint,0.002474188804626465,0.0706169605255127,3,3,0.2539063650403468,0.09154577288644322,0.9436751008033752
591,1878,0.9113668069492588,0.9954988012387596,0.972,0.9999999999999999,0.8386105491041803,0.912222057588839,0.0,mode,0.002474188804626465,0.07030653953552246,6,3,0.29285165154680876,0.0975487743871936,0.8167715668678284
591,1878,1.0,1.0,1.0,1.0000000000000002,1.0,1.0000000000000002,0.0,deint,0.002474188804626465,0.07030653953552246,3,3,0.24558848451290177,0.08854427213606804,0.869078516960144
592,1878,0.9077335323790897,0.9950841673747652,0.972,0.9999999999999999,0.8325448654701187,0.9086215362662226,0.0,mode,0.002507925033569336,0.06877017021179199,6,3,0.29826207656443265,0.10205102551275638,0.9699727296829224
592,1878,1.0,1.0,1.0,1.0,1.0,1.0,0.0,deint,0.002507925033569336,0.06877017021179199,3,3,0.24831656060770085,0.09554777388694347,0.9508271813392639
593,1878,0.9090404204657094,0.9950773133365004,0.97,0.9999999999999998,0.8347000787466938,0.9099035732498443,0.0,mode,0.002507925033569336,0.07003211975097656,6,3,0.30656528558022356,0.09904952476238119,0.7016611099243164
593,1878,1.0,1.0,1.0,1.0,1.0,1.0,0.0,deint,0.002507925033569336,0.07003211975097656,3,3,0.25589006821563537,0.08904452226113056,0.7674582600593567
594,1878,0.8956591203515387,0.9947018853587881,0.9705,1.0,0.8128662887046371,0.8967746752966115,0.0,mode,0.002507925033569336,0.06379890441894531,8,3,0.3303717015902832,0.10155077538769385,0.9588314294815063
594,1878,0.9842254531345899,0.9993350533688137,0.9975,1.0000000000000002,0.9691053554243592,0.9843103140771345,0.0,deint,0.002507925033569336,0.06379890441894531,4,3,0.27710920977192055,0.09054527263631816,0.9445998668670654
595,1879,0.580196063428545,0.3330227485493624,0.457,0.9999999999999999,0.4107428219589254,0.5823071584210895,0.0,mode,0.002507925033569336,0.0650637149810791,9,4,1.7731784018357315,0.7728864432216108,0.018183071166276932
595,1879,1.0,1.0,1.0,1.0,1.0,1.0,0.0,deint,0.002507925033569336,0.0650637149810791,4,4,0.7283203005762945,0.2866433216608304,-0.020616119727492332
596,1879,0.8938991795917016,0.8565173966757658,0.811,1.0,0.8088850158811922,0.8943465270368737,0.0,mode,0.0024796128273010254,0.04591774940490723,8,5,1.8527043357450959,0.7613806903451726,0.2088565081357956
596,1879,1.0,1.0,1.0,1.0,1.0,1.0,0.0,deint,0.0024796128273010254,0.04591774940490723,4,4,1.192687792461497,0.39419709854927465,0.16489240527153015
597,1879,0.9094093624598593,0.9740131650512855,0.9025,1.0,0.8345713920907722,0.9098271080523627,0.0,mode,0.0024796128273010254,0.06327533721923828,7,4,1.101818099229721,0.5082541270635318,0.7981662750244141
597,1879,1.0,1.0,1.0,1.0,1.0,1.0,0.0,deint,0.0024796128273010254,0.06327533721923828,3,3,0.4503825905493507,0.16208104052026012,0.39880749583244324
598,1879,0.8126073093845283,0.6594590290608238,0.699,1.0000000000000002,0.6851479698603374,0.8131606032402265,0.0,mode,0.0024796128273010254,0.05068254470825195,7,4,1.8214052223727841,0.8844422211105553,0.36986613273620605
598,1879,1.0000000000000002,1.0,1.0,1.0000000000000002,1.0,1.0000000000000002,0.0,deint,0.0024796128273010254,0.05068254470825195,3,3,0.8909836236930537,0.2496248124062031,0.44373396039009094
599,1879,0.8760564079087457,0.9203937465047473,0.842,0.9999999999999998,0.7798543236993315,0.8763125311047324,0.0,mode,0.0024796128273010254,0.05564165115356445,6,3,1.3673606340959727,0.8334167083541771,0.23628564178943634
599,1879,1.0,1.0,1.0,1.0,1.0,1.0,0.0,deint,0.0024796128273010254,0.05564165115356445,2,2,0.5243649479876824,0.11155577788894447,0.8090307712554932
600,1880,0.5842212487465507,0.3091122783473903,0.4875,1.0000000000000002,0.4165202673530154,0.5880893862978004,0.0,mode,0.0024852752685546875,0.0525822639465332,13,5,1.9082453747652437,0.7368684342171086,0.32686182856559753
600,1880,0.9973366721897845,0.9998983050696019,0.999,1.0,0.9947201638687503,0.9973530943202532,0.0,deint,0.0024852752685546875,0.0525822639465332,6,5,0.7990416827640507,0.2096048024012006,0.30064263939857483
601,1880,0.7658064521439972,0.6042802086459368,0.6455,0.9978470794976287,0.6230943828068718,0.7671503562519343,0.05,mode,0.0024852752685546875,0.0633091926574707,9,5,1.3912371299347637,0.8959479739869936,0.055388886481523514
601,1880,1.0,1.0,1.0,1.0,1.0,1.0,0.0,deint,0.0024852752685546875,0.0633091926574707,3,3,0.2730648893284013,0.07803901950975488,0.5430824756622314
602,1880,0.5519242137924926,0.3762799721098925,0.481,1.0000000000000004,0.38375184234307386,0.5546541375414193,0.3,mode,0.0024852752685546875,0.05690574645996094,12,4,1.6947442827826953,0.8274137068534267,0.025583649054169655
602,1880,0.9926778550334198,0.9997997803358815,0.994,1.0,0.9855123573370015,0.9927033228428608,0.0,deint,0.0024852752685546875,0.05690574645996094,5,4,0.659921954244559,0.24762381190595298,0.36098355054855347
603,1880,0.911023550973151,0.9735645844557536,0.907,1.0,0.837289638548436,0.9114400048649299,0.0,mode,0.0024852752685546875,0.05960869789123535,8,4,1.2123010908126088,0.20110055027513757,0.35984888672828674
603,1880,1.0,1.0,1.0,1.0,1.0,1.0,0.0,deint,0.0024852752685546875,0.05960869789123535,3,3,0.42943100755940844,0.12506253126563283,0.7608510851860046
604,1880,0.9123306837265062,0.9975438421657459,0.987,0.9999999999999998,0.8402428898354005,0.9131869433937119,0.0,mode,0.0025043487548828125,0.06929707527160645,7,3,0.16821309087960856,0.04702351175587794,0.9421369433403015
604,1880,1.0,1.0,1.0,1.0,1.0,1.0,0.0,deint,0.0025043487548828125,0.06929707527160645,2,2,0.09014992233592059,0.022011005502751375,0.9821120500564575
605,1881,0.8752612812884483,0.8992366549711228,0.848,1.0,0.7799881259611385,0.8763969990417425,0.0,mode,0.0025043487548828125,0.06065058708190918,11,6,1.5451413259756077,0.7603801900950475,0.3200637102127075
605,1881,1.0,1.0,1.0,1.0,1.0,1.0,0.0,deint,0.0025043487548828125,0.06065058708190918,5,5,0.6727605186093992,0.11955977988994497,0.3126615583896637
606,1881,0.8088041352088288,0.7100154678365861,0.6815,1.0,0.6807580642924428,0.8100607443213725,0.0,mode,0.0025043487548828125,0.048880577087402344,11,5,1.8888037723263589,0.7273636818409205,0.11825233697891235
606,1881,0.9946366757714379,0.9991754408247674,0.996,1.0,0.9893728215112165,0.9946580256984155,0.0,deint,0.0025043487548828125,0.048880577087402344,6,5,1.2996297978636042,0.3826913456728364,0.12331660091876984
607,1881,0.899428672558216,0.9629998332283127,0.887,1.0,0.8184046457340729,0.9001347941493963,0.0,mode,0.0025043487548828125,0.05608797073364258,8,5,1.1766175680197137,0.34217108554277137,0.4949803650379181
607,1881,1.0000000000000002,1.0,1.0,1.0000000000000002,1.0,1.0000000000000002,0.0,deint,0.0025043487548828125,0.05608797073364258,5,5,0.9629492840743838,0.2496248124062031,0.533628523349762
608,1881,0.7218816618665842,0.44819283808048904,0.5815,1.0000000000000002,0.5660776820714883,0.7229241416973952,0.0,mode,0.002471029758453369,0.05666851997375488,8,4,1.8345123832589074,0.7153576788394197,0.26049333810806274
608,1881,1.0,1.0,1.0,0.9999999999999998,1.0,0.9999999999999999,0.0,deint,0.002471029758453369,0.05666851997375488,4,4,1.0384765176995059,0.23561780890445222,0.45956894755363464
609,1881,0.6847218060486155,0.6149416626791169,0.6715,1.0,0.5215835083352618,0.6855798652890466,0.0,mode,0.002471029758453369,0.05461740493774414,7,3,1.4774440547102174,0.575287643821911,0.07193738967180252
609,1881,1.0,1.0,1.0,1.0,1.0,1.0,0.0,deint,0.002471029758453369,0.05461740493774414,3,3,0.7706104534899378,0.19909954977488745,0.20300281047821045
610,1882,0.8132813293645109,0.802592447304553,0.7495,0.9999999999999999,0.6862341211625536,0.8139250802129869,0.0,mode,0.002471029758453369,0.057611942291259766,6,4,1.3266640949254116,0.5297648824412207,0.0747932568192482
610,1882,1.0,1.0,1.0,1.0,1.0,1.0,0.0,deint,0.002471029758453369,0.057611942291259766,3,3,0.7063358188935611,0.17358679339669836,0.5928689241409302
611,1882,0.9607951516732657,0.9941007675067101,0.956,1.0,0.9247115595498043,0.9608832606233186,0.0,mode,0.002471029758453369,0.06217670440673828,5,3,0.9630749498977381,0.7818909454727364,0.7044229507446289
611,1882,1.0,1.0,1.0,1.0,1.0,1.0,0.0,deint,0.002471029758453369,0.06217670440673828,2,2,0.24316707250265393,0.08504252126063032,0.9127440452575684
612,1882,0.8266123948336142,0.6390514475448584,0.698,0.9811490674422727,0.7150276540237713,0.8272118194553392,0.0,mode,0.0025110244750976562,0.050029754638671875,6,5,1.7487063707086805,0.6743371685842922,0.3927876055240631
612,1882,1.0,1.0,1.0,1.0,1.0,1.0,0.0,deint,0.0025110244750976562,0.050029754638671875,2,2,0.6890009467664782,0.21410705352676337,0.6821723580360413
613,1882,0.7196262405980911,0.6342987166985014,0.8835,0.9999999999999999,0.5633354695446547,0.7206840508886231,0.0,mode,0.0025110244750976562,0.06890511512756348,6,3,0.777907013061272,0.3791895947973987,0.8858575224876404
613,1882,1.0,1.0,1.0,1.0,1.0,1.0,0.0,deint,0.0025110244750976562,0.06890511512756348,2,2,0.06500189360978766,0.015007503751875938,0.9131777286529541
614,1882,0.7094018460226087,0.6390686009830449,0.905,1.0000000000000022,0.5512638202636336,0.7107286498436457,0.0,mode,0.0025110244750976562,0.06625604629516602,6,3,0.6669257326850054,0.28264132066033015,0.8672120571136475
614,1882,1.0,1.0,1.0,1.0,1.0,1.0,0.0,deint,0.0025110244750976562,0.06625604629516602,2,2,0.07578165910827268,0.018009004502251125,0.9297720193862915
615,1883,0.8599398034344735,0.7541823529116524,0.744,1.0,0.7552562703325594,0.860565244059165,0.0,mode,0.0025110244750976562,0.04979681968688965,9,4,1.613460643500606,0.423711855927964,0.3565390706062317
615,1883,0.976078422682035,0.9949270575943268,0.9685,1.0,0.9534167672673818,0.9761529472290835,0.0,deint,0.0025110244750976562,0.04979681968688965,6,4,1.2781149963818232,0.16558279139569784,0.4337303638458252
616,1883,0.9555725436237561,0.9988215215994805,0.995,0.9999999999999999,0.9154498097391787,0.9558588328282356,0.0,mode,0.0025045275688171387,0.07210469245910645,4,3,0.09639622492789258,0.02751375687843922,0.9797592163085938
616,1883,1.0,1.0,1.0,1.0,1.0,1.0,0.0,deint,0.0025045275688171387,0.07210469245910645,3,3,0.08824590583599429,0.0240120060030015,0.981560468673706
617,1883,0.9532427596866746,0.999074528186106,0.996,0.9999999999999999,0.9110963192640126,0.9534802721140578,0.15,mode,0.0025045275688171387,0.07050490379333496,4,3,0.06610566149265276,0.018009004502251125,0.9874197840690613
617,1883,1.0,1.0,1.0,1.0,1.0,1.0,0.15,deint,0.0025045275688171387,0.07050490379333496,3,3,0.06022862493290725,0.016008004002001,0.9886925220489502
618,1883,0.8691279722233562,0.938257848228305,0.88,0.9999999999999996,0.7689112010701403,0.869360995175983,0.05,mode,0.0025045275688171387,0.06090807914733887,4,3,0.7243552537938105,0.17358679339669836,0.7577646374702454
618,1883,0.9999999999999998,1.0,1.0,0.9999999999999998,1.0,0.9999999999999999,0.05,deint,0.0025045275688171387,0.06090807914733887,3,3,0.5569648682036298,0.013506753376688344,0.8097401261329651
619,1883,0.7412593867357965,0.5351180256441969,0.651,1.0000000000000002,0.5895795102584703,0.7418056240075753,0.0,mode,0.0025045275688171387,0.06538963317871094,5,3,1.1994929105277292,0.5647823911955978,0.07662748545408249
619,1883,1.0,1.0,1.0,1.0,1.0,1.0,0.0,deint,0.0025045275688171387,0.06538963317871094,3,3,0.7071964427422355,0.1345672836418209,0.4356324374675751
620,1884,1.0,1.0,1.0,1.0,1.0,1.0,0.0,mode,0.002507328987121582,0.0486607551574707,5,5,1.1501972614225162,0.29664832416208103,0.24444007873535156
620,1884,1.0,1.0,1.0,1.0,1.0,1.0,0.0,deint,0.002507328987121582,0.0486607551574707,5,5,1.1501972614225162,0.29664832416208103,0.24444007873535156
621,1884,0.9115179519582043,0.92033183908014,0.9545,1.0000000000000002,0.8376977860681898,0.911681770984194,0.0,mode,0.002507328987121582,0.05635571479797363,4,3,0.9277307967146015,0.1485742871435718,0.1307101994752884
621,1884,1.0,1.0,1.0,1.0,1.0,1.0,0.0,deint,0.002507328987121582,0.05635571479797363,3,3,0.7771580345101783,0.1485742871435718,0.14746977388858795
622,1884,0.9115329863772288,0.8729464962514356,0.882,1.0,0.837805273426079,0.9117454232397789,0.0,mode,0.002507328987121582,0.04652667045593262,5,4,1.3663723156775451,0.18159079539769885,0.3383884131908417
622,1884,1.0,1.0,1.0,1.0,1.0,1.0,0.0,deint,0.002507328987121582,0.04652667045593262,4,4,1.144753931556953,0.18159079539769885,0.3507872223854065
623,1885,0.8782565137290788,0.902262889357351,0.8665,1.0000000000000002,0.7837023806738957,0.87873670985157,0.0,mode,0.002507328987121582,0.05957746505737305,7,4,1.3370670065459451,0.6423211605802901,0.47809162735939026
623,1885,1.0,1.0,1.0,1.0,1.0,1.0,0.0,deint,0.002507328987121582,0.05957746505737305,4,4,1.0478625962991681,0.5372686343171585,0.4526674151420593
624,1885,0.9080944237076194,0.8743911980375955,0.8515,1.0000000000000002,0.8323094560482288,0.9084813193545201,0.0,mode,0.0024800896644592285,0.048032522201538086,8,5,1.834084861900736,0.5502751375687844,0.27649229764938354
624,1885,1.0,1.0,1.0,1.0,1.0,1.0,0.0,deint,0.0024800896644592285,0.048032522201538086,4,4,1.2471934170401178,0.448224112056028,0.23280371725559235
625,1885,0.8088819801844295,0.8315699266733861,0.754,0.9999999999999993,0.6803944704297514,0.8098032722706403,0.0,mode,0.0024800896644592285,0.05315566062927246,9,4,1.5448188768365303,0.5107553776888444,0.48994413018226624
625,1885,1.0,1.0,1.0,1.0,1.0,1.0,0.0,deint,0.0024800896644592285,0.05315566062927246,4,4,1.0510862218274302,0.3491745872936468,0.4946799874305725
626,1885,0.9532476035851964,0.9987904924431148,0.993,1.0,0.9115514830945677,0.9537294612843777,0.0,mode,0.0024800896644592285,0.06980323791503906,6,4,0.1530394527898291,0.04202101050525263,0.9585071802139282
626,1885,1.0,1.0,1.0,1.0,1.0,1.0,0.0,deint,0.0024800896644592285,0.06980323791503906,4,4,0.13950334030948067,0.0400200100050025,0.9562892913818359
627,1885,0.9386634525366947,0.9981930889040765,0.991,1.0,0.8854415909471408,0.9392405420550253,0.2,mode,0.0024800896644592285,0.07144856452941895,6,4,0.142022856334932,0.03951975987993997,0.9545694589614868
627,1885,1.0,1.0,1.0,1.0,1.0,1.0,0.2,deint,0.0024800896644592285,0.07144856452941895,4,4,0.12575294399532438,0.03651825912956478,0.9530603289604187
628,1886,1.0,1.0,1.0,1.0,1.0,1.0,0.0,mode,0.002471745014190674,0.06746244430541992,2,2,0.15501658899315113,0.0005002501250625312,0.9354779124259949
628,1886,1.0,1.0,1.0,1.0,1.0,1.0,0.0,deint,0.002471745014190674,0.06746244430541992,2,2,0.15501658899315113,0.0005002501250625312,0.9354779124259949
629,1886,1.0,1.0,1.0,1.0,1.0,1.0,0.0,mode,0.002471745014190674,0.07248353958129883,1,1,-1.000000082690371e-10,0.0,0.0
629,1886,1.0,1.0,1.0,1.0,1.0,1.0,0.0,deint,0.002471745014190674,0.07248353958129883,1,1,-1.000000082690371e-10,0.0,0.0
630,1886,1.0,1.0,1.0,1.0,1.0,1.0,0.0,mode,0.002471745014190674,0.07143306732177734,1,1,-1.000000082690371e-10,0.0,0.0
630,1886,1.0,1.0,1.0,1.0,1.0,1.0,0.0,deint,0.002471745014190674,0.07143306732177734,1,1,-1.000000082690371e-10,0.0,0.0
631,1886,1.0,1.0,1.0,1.0,1.0,1.0,0.0,mode,0.002471745014190674,0.06909513473510742,1,1,-1.000000082690371e-10,0.0,0.0
631,1886,1.0,1.0,1.0,1.0,1.0,1.0,0.0,deint,0.002471745014190674,0.06909513473510742,1,1,-1.000000082690371e-10,0.0,0.0
632,1886,1.0,1.0,1.0,1.0,1.0,1.0,0.0,mode,0.002481400966644287,0.0725853443145752,1,1,-1.000000082690371e-10,0.0,0.0
632,1886,1.0,1.0,1.0,1.0,1.0,1.0,0.0,deint,0.002481400966644287,0.0725853443145752,1,1,-1.000000082690371e-10,0.0,0.0
633,1887,1.0,1.0,1.0,1.0,1.0,1.0,0.0,mode,0.002481400966644287,0.06951189041137695,1,1,-1.000000082690371e-10,0.0,0.0
633,1887,1.0,1.0,1.0,1.0,1.0,1.0,0.0,deint,0.002481400966644287,0.06951189041137695,1,1,-1.000000082690371e-10,0.0,0.0
634,1887,1.0,1.0,1.0,1.0,1.0,1.0,0.0,mode,0.002481400966644287,0.07009577751159668,1,1,-1.000000082690371e-10,0.0,0.0
634,1887,1.0,1.0,1.0,1.0,1.0,1.0,0.0,deint,0.002481400966644287,0.07009577751159668,1,1,-1.000000082690371e-10,0.0,0.0
635,1887,1.0,1.0,1.0,1.0,1.0,1.0,0.0,mode,0.002481400966644287,0.07093214988708496,1,1,-1.000000082690371e-10,0.0,0.0
635,1887,1.0,1.0,1.0,1.0,1.0,1.0,0.0,deint,0.002481400966644287,0.07093214988708496,1,1,-1.000000082690371e-10,0.0,0.0
636,1887,1.0,1.0,1.0,1.0,1.0,1.0,0.0,mode,0.0022638440132141113,0.06881117820739746,1,1,-1.000000082690371e-10,0.0,0.0
636,1887,1.0,1.0,1.0,1.0,1.0,1.0,0.0,deint,0.0022638440132141113,0.06881117820739746,1,1,-1.000000082690371e-10,0.0,0.0
637,1887,1.0,1.0,1.0,1.0,1.0,1.0,0.0,mode,0.0022638440132141113,0.07114291191101074,1,1,-1.000000082690371e-10,0.0,0.0
637,1887,1.0,1.0,1.0,1.0,1.0,1.0,0.0,deint,0.0022638440132141113,0.07114291191101074,1,1,-1.000000082690371e-10,0.0,0.0
638,1888,1.0,1.0,1.0,1.0,1.0,1.0,0.0,mode,0.0022638440132141113,0.06984758377075195,2,2,0.05135415406509297,0.0005002501250625312,0.7503892779350281
638,1888,1.0,1.0,1.0,1.0,1.0,1.0,0.0,deint,0.0022638440132141113,0.06984758377075195,2,2,0.05135415406509297,0.0005002501250625312,0.7503892779350281
639,1888,1.0,1.0,1.0,1.0,1.0,1.0,0.0,mode,0.0022638440132141113,0.06867766380310059,1,1,-1.000000082690371e-10,0.0,0.0
639,1888,1.0,1.0,1.0,1.0,1.0,1.0,0.0,deint,0.0022638440132141113,0.06867766380310059,1,1,-1.000000082690371e-10,0.0,0.0
640,1888,1.0,1.0,1.0,1.0,1.0,1.0,0.0,mode,0.002498030662536621,0.06732320785522461,1,1,-1.000000082690371e-10,0.0,0.0
640,1888,1.0,1.0,1.0,1.0,1.0,1.0,0.0,deint,0.002498030662536621,0.06732320785522461,1,1,-1.000000082690371e-10,0.0,0.0
641,1888,1.0,1.0,1.0,1.0,1.0,1.0,0.0,mode,0.002498030662536621,0.06797647476196289,1,1,-1.000000082690371e-10,0.0,0.0
641,1888,1.0,1.0,1.0,1.0,1.0,1.0,0.0,deint,0.002498030662536621,0.06797647476196289,1,1,-1.000000082690371e-10,0.0,0.0
642,1888,1.0,1.0,1.0,1.0,1.0,1.0,0.0,mode,0.002498030662536621,0.06800198554992676,1,1,-1.000000082690371e-10,0.0,0.0
642,1888,1.0,1.0,1.0,1.0,1.0,1.0,0.0,deint,0.002498030662536621,0.06800198554992676,1,1,-1.000000082690371e-10,0.0,0.0
643,1889,0.8082278540429366,0.8983254117585948,0.801,1.0000000000000002,0.6790227882987886,0.8088309378895148,0.0,mode,0.002498030662536621,0.05812263488769531,8,3,1.345750696507028,0.4072036018009004,0.41848060488700867
643,1889,1.0,1.0,1.0,0.9999999999999999,1.0,0.9999999999999999,0.0,deint,0.002498030662536621,0.05812263488769531,3,3,0.9137953905404573,0.2766383191595798,0.5004194974899292
644,1889,0.5648069474443298,0.42396021849669036,0.4665,1.000000000000001,0.3941056834364061,0.5653885327616683,0.0,mode,0.0024880170822143555,0.06063222885131836,7,2,1.6171291249957551,0.5457728864432216,0.06774256378412247
644,1889,1.0,1.0,1.0,1.0,1.0,1.0,0.0,deint,0.0024880170822143555,0.06063222885131836,2,2,0.6373197790872431,0.2591295647823912,0.715668261051178
645,1889,0.601121645117996,0.46861907104187167,0.535,1.0000000000000007,0.4309796911961669,0.6023561254540346,0.0,mode,0.0024880170822143555,0.06051015853881836,8,3,1.665826115272751,0.5352676338169085,0.30635908246040344
645,1889,1.0,1.0,1.0,1.0,1.0,1.0,0.0,deint,0.0024880170822143555,0.06051015853881836,3,3,0.7179372247915439,0.29514757378689344,0.4730570912361145
646,1889,0.6639431244272359,0.6542054337118504,0.6455,0.9999999999999999,0.4980030427214254,0.664889227216391,0.0,mode,0.0024880170822143555,0.055676937103271484,7,3,1.4707557825789292,0.5377688844422212,0.5054789185523987
646,1889,1.0,1.0,1.0,1.0,1.0,1.0,0.0,deint,0.0024880170822143555,0.055676937103271484,3,3,0.7324408548730403,0.1570785392696348,0.4942120611667633
647,1889,0.5876575389448856,0.5304497913248768,0.6025,1.0000000000000004,0.41668391790336506,0.5882524854521402,0.0,mode,0.0024880170822143555,0.06109428405761719,7,2,1.4750486828064397,0.6288144072036018,0.23293261229991913
647,1889,1.0,1.0,1.0,1.0,1.0,1.0,0.0,deint,0.0024880170822143555,0.06109428405761719,2,2,0.6146290643416642,0.25512756378189094,0.6770480871200562
648,1890,0.7686436247049396,0.678511651761927,0.693,1.0,0.6255494722790127,0.7696467969098415,0.0,mode,0.002481222152709961,0.05188298225402832,9,4,1.7606394059243287,0.6058029014507254,-0.014437278732657433
648,1890,0.9796266772551652,0.9939348153546831,0.983,1.0000000000000002,0.9601747199822478,0.9796827907166803,0.0,deint,0.002481222152709961,0.05188298225402832,5,4,1.147048582317256,0.36068034017008505,-0.01886974833905697
649,1890,0.5158401493597742,0.2143255514484267,0.42,1.0,0.34867902425332165,0.5170674682159652,0.0,mode,0.002481222152709961,0.06173849105834961,7,3,1.776443580776263,0.8639319659829915,0.30173537135124207
649,1890,1.0,1.0,1.0,1.0,1.0,1.0,0.0,deint,0.002481222152709961,0.06173849105834961,3,3,0.6194086143302198,0.16858429214607304,0.19896261394023895
650,1890,0.03657017561479096,0.0060885868219823554,0.3575,1.000000000000011,0.019308988778550425,0.0378864289261073,0.0,mode,0.002481222152709961,0.06901931762695312,5,2,1.3505540488330532,0.9384692346173087,0.2874964475631714
650,1890,1.0,1.0,1.0,1.0,1.0,1.0,0.0,deint,0.002481222152709961,0.06901931762695312,2,2,0.026077832783397644,0.0015007503751875938,0.31833869218826294
651,1890,0.5838256584097461,0.408826588320413,0.4795,1.0,0.4126943030623396,0.5842655444532194,0.0,mode,0.002481222152709961,0.06046581268310547,6,2,1.6780812094086952,0.5917958979489745,0.12895765900611877
651,1890,1.0,1.0,1.0,1.0,1.0,1.0,0.0,deint,0.002481222152709961,0.06046581268310547,2,2,0.6925345552465462,0.2726363181590795,0.5231614112854004
652,1890,0.5124760113165429,0.22752534775693253,0.4815,0.9999999999999996,0.3455525113881695,0.5136217404576391,0.0,mode,0.0025045275688171387,0.06428241729736328,6,3,1.6297779478604908,0.8199099549774888,0.36831769347190857
652,1890,1.0,1.0,1.0,1.0,1.0,1.0,0.0,deint,0.0025045275688171387,0.06428241729736328,3,3,0.5631738627955813,0.13656828414207103,0.2718825340270996
653,1891,0.38059689986151896,0.13347819062394592,0.3285,0.9999999999999979,0.2356538508370853,0.38142373072757085,0.0,mode,0.0025045275688171387,0.06513547897338867,7,2,1.8337571665137435,0.9009504752376188,0.08990255743265152
653,1891,1.0,1.0,1.0,1.0,1.0,1.0,0.0,deint,0.0025045275688171387,0.06513547897338867,2,2,0.43213193775402425,0.16358179089544772,0.42944005131721497
654,1891,0.44032785564953986,0.18112275559001617,0.3415,0.9999999999999993,0.282890763003998,0.44102081200052473,0.0,mode,0.0025045275688171387,0.06717324256896973,7,2,1.8955651541237775,0.8834417208604303,0.1526571363210678
654,1891,1.0,1.0,1.0,1.0,1.0,1.0,0.0,deint,0.0025045275688171387,0.06717324256896973,2,2,0.5362378727718903,0.22811405702851426,0.36845478415489197
655,1891,0.2461850362071691,0.05855285648551235,0.2815,1.0000000000000004,0.1418745183854251,0.24849406147714242,0.4,mode,0.0025045275688171387,0.07324481010437012,7,3,1.7330314799079831,0.943471735867934,0.1447121948003769
655,1891,1.0,1.0,1.0,1.0,1.0,1.0,0.0,deint,0.0025045275688171387,0.07324481010437012,3,3,0.2458730063580376,0.06353176588294147,0.2616928517818451
656,1891,0.35151478988106055,0.112531806077892,0.329,0.9999999999999991,0.21379599106790165,0.35227664721450136,0.0,mode,0.0024980902671813965,0.06743550300598145,6,2,1.7622882414502183,0.9144572286143071,0.17093299329280853
656,1891,1.0,1.0,1.0,1.0,1.0,1.0,0.0,deint,0.0024980902671813965,0.06743550300598145,2,2,0.37677016105643674,0.12556278139069535,0.3298981189727783
657,1891,0.735436377144193,0.7126515521898221,0.679,1.0000000000000002,0.5823806583851387,0.7360816189190199,0.0,mode,0.0024980902671813965,0.05421876907348633,7,3,1.5690651136018836,0.4532266133066533,0.5444943904876709
657,1891,1.0,1.0,1.0,1.0,1.0,1.0,0.0,deint,0.0024980902671813965,0.05421876907348633,3,3,0.9137931740162839,0.09554777388694347,0.6074680685997009
658,1892,1.0,1.0,1.0,1.0,1.0,1.0,0.0,mode,0.0024980902671813965,0.06071591377258301,2,2,0.624203053332631,0.07453726863431716,0.6005869507789612
658,1892,1.0,1.0,1.0,1.0,1.0,1.0,0.0,deint,0.0024980902671813965,0.06071591377258301,2,2,0.624203053332631,0.07453726863431716,0.6005869507789612
659,1892,1.0,1.0,1.0,1.0,1.0,1.0,0.0,mode,0.0024980902671813965,0.057257652282714844,2,2,0.6030446397239544,0.07403701850925462,0.6695834994316101
659,1892,1.0,1.0,1.0,1.0,1.0,1.0,0.0,deint,0.0024980902671813965,0.057257652282714844,2,2,0.6030446397239544,0.07403701850925462,0.6695834994316101
660,1892,1.0,1.0,1.0,1.0,1.0,1.0,0.0,mode,0.0024734139442443848,0.05516171455383301,2,2,0.6162715519892978,0.07003501750875438,0.610261082649231
660,1892,1.0,1.0,1.0,1.0,1.0,1.0,0.0,deint,0.0024734139442443848,0.05516171455383301,2,2,0.6162715519892978,0.07003501750875438,0.610261082649231
661,1892,1.0,1.0,1.0,1.0,1.0,1.0,0.0,mode,0.0024734139442443848,0.06135392189025879,2,2,0.6787979140992196,0.10755377688844422,0.6155189275741577
661,1892,1.0,1.0,1.0,1.0,1.0,1.0,0.0,deint,0.0024734139442443848,0.06135392189025879,2,2,0.6787979140992196,0.10755377688844422,0.6155189275741577
662,1892,1.0,1.0,1.0,1.0,1.0,1.0,0.0,mode,0.0024734139442443848,0.05693554878234863,2,2,0.6861689332163774,0.11705852926463231,0.6187794208526611
662,1892,1.0,1.0,1.0,1.0,1.0,1.0,0.0,deint,0.0024734139442443848,0.05693554878234863,2,2,0.6861689332163774,0.11705852926463231,0.6187794208526611
663,1893,0.8824238095023803,0.9339655521997724,0.8505,1.0000000000000002,0.7902965463182896,0.8828666378690384,0.0,mode,0.0024734139442443848,0.056052207946777344,7,4,1.3339984416168171,0.663831915957979,0.5148724317550659
663,1893,1.0,1.0,1.0,1.0,1.0,1.0,0.0,deint,0.0024734139442443848,0.056052207946777344,4,4,1.0542543613569588,0.5597798899449725,0.5427095890045166
664,1893,0.7416335614809818,0.6497218098046423,0.643,1.0,0.5907369458350203,0.7427210983962239,0.0,mode,0.0025104880332946777,0.05353236198425293,8,4,1.62824137014137,0.6268134067033517,0.20237740874290466
664,1893,0.9894900852085883,0.9988359063430465,0.9925,1.0000000000000002,0.9792656491280094,0.989524220318215,0.0,deint,0.0025104880332946777,0.05353236198425293,5,4,0.9822281981595009,0.2801400700350175,0.1811201125383377
665,1893,0.7288891883039462,0.523148684371383,0.614,1.0,0.5740487224278891,0.7293913005976695,0.0,mode,0.0025104880332946777,0.05358600616455078,6,3,1.7211190892982167,0.775887943971986,0.4505842924118042
665,1893,1.0,1.0,1.0,1.0,1.0,1.0,0.0,deint,0.0025104880332946777,0.05358600616455078,2,2,0.6912855248190848,0.1055527763881941,0.58248370885849
666,1893,0.5589965943789779,0.47723761943264537,0.7105,1.000000000000002,0.3886609728976483,0.5597636579166612,0.0,mode,0.0025104880332946777,0.0646662712097168,6,2,1.051244008789344,0.4917458729364682,0.132872074842453
666,1893,1.0,1.0,1.0,1.0,1.0,1.0,0.0,deint,0.0025104880332946777,0.0646662712097168,2,2,0.4085775192420864,0.16258129064532267,0.7750743627548218
667,1893,0.7604349203163723,0.7919035227828067,0.7275,1.0,0.6142083557226236,0.7610025726172931,0.0,mode,0.0025104880332946777,0.055793046951293945,6,3,1.3312262114189994,0.5227613806903452,0.48223358392715454
667,1893,1.0,1.0,1.0,1.0,1.0,1.0,0.0,deint,0.0025104880332946777,0.055793046951293945,2,2,0.6594857530902014,0.263631815907954,0.6803948879241943
668,1894,1.0,1.0,1.0,1.0,1.0,1.0,0.0,mode,0.0024716854095458984,0.0608828067779541,2,2,0.5516555826601574,0.017008504252126064,0.12184388935565948
668,1894,1.0,1.0,1.0,1.0,1.0,1.0,0.0,deint,0.0024716854095458984,0.0608828067779541,2,2,0.5516555826601574,0.017008504252126064,0.12184388935565948
669,1894,1.0,1.0,1.0,1.0,1.0,1.0,0.0,mode,0.0024716854095458984,0.05528903007507324,2,2,0.64988769208922,0.15307653826913456,0.13114847242832184
669,1894,1.0,1.0,1.0,1.0,1.0,1.0,0.0,deint,0.0024716854095458984,0.05528903007507324,2,2,0.64988769208922,0.15307653826913456,0.13114847242832184
670,1894,1.0,1.0,1.0,1.0,1.0,1.0,0.0,mode,0.0024716854095458984,0.05529904365539551,2,2,0.6880379730812537,0.05652826413206603,0.1543310582637787
670,1894,1.0,1.0,1.0,1.0,1.0,1.0,0.0,deint,0.0024716854095458984,0.05529904365539551,2,2,0.6880379730812537,0.05652826413206603,0.1543310582637787
671,1894,1.0,1.0,1.0,1.0,1.0,1.0,0.0,mode,0.0024716854095458984,0.07127070426940918,1,1,-1.000000082690371e-10,0.0,0.0
671,1894,1.0,1.0,1.0,1.0,1.0,1.0,0.0,deint,0.0024716854095458984,0.07127070426940918,1,1,-1.000000082690371e-10,0.0,0.0
672,1895,0.7700689367410783,0.8653177090116709,0.771,1.0000000000000002,0.628192345676161,0.7716438998677189,0.0,mode,0.002473771572113037,0.05730581283569336,11,4,1.299410274762773,0.4502251125562781,0.4225651025772095
672,1895,0.9922341047111772,0.9994629973640536,0.996,1.0,0.984643335035873,0.9922622545355992,0.0,deint,0.002473771572113037,0.05730581283569336,5,4,0.8290104240312376,0.2651325662831416,0.399781197309494
673,1895,0.7071678317245345,0.7691273504119062,0.693,0.9999999999999999,0.5484384175780208,0.7083761438002254,0.0,mode,0.002473771572113037,0.06042885780334473,10,3,1.3972466308947986,0.5377688844422212,0.5189650058746338
673,1895,0.9894550302252992,0.9994397183153201,0.99,0.9999999999999999,0.9791712913885885,0.9894760455034702,0.0,deint,0.002473771572113037,0.06042885780334473,4,3,0.7826043697463994,0.2941470735367684,0.47979217767715454
674,1895,0.7495356762221461,0.894963064220818,0.8035,0.9999999999999997,0.6007588024650607,0.7505925334159431,0.0,mode,0.002473771572113037,0.0615997314453125,8,3,1.025240145922615,0.2671335667833917,0.7735467553138733
674,1895,1.0,1.0,1.0,1.0,1.0,1.0,0.0,deint,0.002473771572113037,0.0615997314453125,3,3,0.6159220424841816,0.029514757378689346,0.8010303974151611
675,1895,0.8860009516658651,0.9957848972215824,0.981,0.9999999999999998,0.7971702653057846,0.8871393887324835,0.0,mode,0.002473771572113037,0.06870412826538086,7,3,0.190170866402954,0.04952476238119059,0.9190626740455627
675,1895,1.0,1.0,1.0,1.0,1.0,1.0,0.0,deint,0.002473771572113037,0.06870412826538086,3,3,0.15159856028189303,0.03801900950475238,0.9230803847312927
676,1895,0.8819468561169971,0.9954803489228496,0.9815,1.0,0.7906713834544719,0.8831004848350779,0.0,mode,0.002506077289581299,0.07221746444702148,7,3,0.18981731383233105,0.04852426213106553,0.9368385076522827
676,1895,1.0,1.0,1.0,1.0,1.0,1.0,0.0,deint,0.002506077289581299,0.07221746444702148,3,3,0.15008311838489086,0.03601800900450225,0.9416082501411438
677,1896,0.8176660441984028,0.8399595082029943,0.7565,1.0000000000000002,0.6935790539201518,0.8190690033804026,0.0,mode,0.002506077289581299,0.05331254005432129,12,5,1.737091565615952,0.6748374187093547,0.46399298310279846
677,1896,0.9974940553517464,0.9998771899569228,0.998,1.0,0.9950213659022722,0.9975044707877221,0.0,deint,0.002506077289581299,0.05331254005432129,6,5,1.2108386474649853,0.4767383691845923,0.4789693355560303
678,1896,0.7612995666038903,0.5800064815313358,0.583,0.9999999999999998,0.6166716427166166,0.762890405723176,0.0,mode,0.002506077289581299,0.049399375915527344,12,5,2.127204949459361,0.7638819409704852,0.09222857654094696
678,1896,0.994549435934389,0.9994658388053529,0.9925,1.0,0.9892003042333903,0.9945708354540134,0.0,deint,0.002506077289581299,0.049399375915527344,6,5,1.3261085395046608,0.5072536268134067,0.3383166491985321
679,1896,0.6002653795970134,0.3996309225672877,0.4665,1.0000000000000004,0.4316414847175774,0.6030022031706188,0.0,mode,0.002506077289581299,0.0634605884552002,10,4,1.51373782843091,0.8144072036018009,0.24257107079029083
679,1896,0.9999999999999998,1.0,1.0,0.9999999999999998,1.0,0.9999999999999999,0.0,deint,0.002506077289581299,0.0634605884552002,4,4,0.6533920437687204,0.1520760380190095,0.4937569499015808
680,1896,0.6537657215062338,0.45767982270268237,0.488,0.9999999999999997,0.4879195076866774,0.655841267173469,0.0,mode,0.0024839043617248535,0.056647300720214844,11,4,1.7725510491050784,0.8124062031015508,0.18326354026794434
680,1896,0.9902845480702437,0.999181737415599,0.994,1.0,0.9808245324508573,0.99031945170559,0.0,deint,0.0024839043617248535,0.056647300720214844,5,4,0.881770598777805,0.21710855427713857,0.4623066782951355
681,1896,0.8276586709487435,0.9559222225045273,0.869,0.9999999999999997,0.7090928081774696,0.8297885343436989,0.0,mode,0.0024839043617248535,0.06281614303588867,11,5,1.0112191597341555,0.23161580790395198,0.6430385112762451
681,1896,1.0,1.0,1.0,1.0,1.0,1.0,0.0,deint,0.0024839043617248535,0.06281614303588867,4,4,0.5821264521087124,0.09104552276138068,0.7770368456840515
682,1897,1.0,1.0,1.0,1.0,1.0,1.0,0.0,mode,0.0024839043617248535,0.06668996810913086,2,2,0.21440172481407205,0.05552776388194097,0.7485203742980957
682,1897,1.0,1.0,1.0,1.0,1.0,1.0,0.0,deint,0.0024839043617248535,0.06668996810913086,2,2,0.21440172481407205,0.05552776388194097,0.7485203742980957
683,1897,1.0,1.0,1.0,1.0,1.0,1.0,0.0,mode,0.0024839043617248535,0.0746619701385498,1,1,-1.000000082690371e-10,0.0,0.0
683,1897,1.0,1.0,1.0,1.0,1.0,1.0,0.0,deint,0.0024839043617248535,0.0746619701385498,1,1,-1.000000082690371e-10,0.0,0.0
684,1897,1.0,1.0,1.0,1.0,1.0,1.0,0.0,mode,0.0024808645248413086,0.05845904350280762,3,3,0.704861883490304,0.29014507253626814,0.5600818991661072
684,1897,1.0,1.0,1.0,1.0,1.0,1.0,0.0,deint,0.0024808645248413086,0.05845904350280762,3,3,0.704861883490304,0.29014507253626814,0.5600818991661072
685,1897,1.0,1.0,1.0,1.0,1.0,1.0,0.0,mode,0.0024808645248413086,0.055864810943603516,3,3,0.9212157986309415,0.3371685842921461,0.5436846017837524
685,1897,1.0,1.0,1.0,1.0,1.0,1.0,0.0,deint,0.0024808645248413086,0.055864810943603516,3,3,0.9212157986309415,0.3371685842921461,0.5436846017837524
686,1897,1.0,1.0,1.0,1.0,1.0,1.0,0.0,mode,0.0024808645248413086,0.0710749626159668,1,1,-1.000000082690371e-10,0.0,0.0
686,1897,1.0,1.0,1.0,1.0,1.0,1.0,0.0,deint,0.0024808645248413086,0.0710749626159668,1,1,-1.000000082690371e-10,0.0,0.0
687,1898,0.9523572142271982,0.9833097425773315,0.988,0.976407228595486,0.9295922538692648,0.9524248087943606,0.0,mode,0.0024808645248413086,0.05438518524169922,3,3,0.7406213589664699,0.01250625312656328,0.04534577578306198
687,1898,1.0,1.0,1.0,1.0,1.0,1.0,0.0,deint,0.0024808645248413086,0.05438518524169922,2,2,0.6525502625861878,0.01200600300150075,0.1353767216205597
688,1898,0.9293293009120551,0.9682796183686996,0.979,0.9614225449827414,0.8994864050352245,0.929423772934182,0.0,mode,0.0024864673614501953,0.05653500556945801,3,3,0.8066049371541972,0.13806903451725863,0.04807811602950096
688,1898,1.0,1.0,1.0,1.0,1.0,1.0,0.0,deint,0.0024864673614501953,0.05653500556945801,2,2,0.6723987796854123,0.13706853426713356,0.10129151493310928
689,1898,0.9350240766240608,0.9632165054218215,0.975,1.0,0.8780571788683302,0.9350696972894353,0.0,mode,0.0024864673614501953,0.05606555938720703,3,2,0.762881117012562,0.12156078039019509,0.09119118005037308
689,1898,1.0,1.0,1.0,1.0,1.0,1.0,0.0,deint,0.0024864673614501953,0.05606555938720703,2,2,0.6698532414793879,0.12106053026513257,0.13337168097496033
690,1898,1.0,1.0,1.0,1.0,1.0,1.0,0.0,mode,0.0024864673614501953,0.07218694686889648,1,1,-1.000000082690371e-10,0.0,0.0
690,1898,1.0,1.0,1.0,1.0,1.0,1.0,0.0,deint,0.0024864673614501953,0.07218694686889648,1,1,-1.000000082690371e-10,0.0,0.0
691,1898,1.0,1.0,1.0,1.0,1.0,1.0,0.0,mode,0.0024864673614501953,0.07144808769226074,1,1,-1.000000082690371e-10,0.0,0.0
691,1898,1.0,1.0,1.0,1.0,1.0,1.0,0.0,deint,0.0024864673614501953,0.07144808769226074,1,1,-1.000000082690371e-10,0.0,0.0
692,1899,1.0,1.0,1.0,1.0,1.0,1.0,0.0,mode,0.0023956298828125,0.07068181037902832,2,2,0.06937160821429075,0.01250625312656328,0.693443775177002
692,1899,1.0,1.0,1.0,1.0,1.0,1.0,0.0,deint,0.0023956298828125,0.07068181037902832,2,2,0.06937160821429075,0.01250625312656328,0.693443775177002
693,1899,0.8842963644256061,0.9823191095691219,0.952,0.8338005828802287,0.9420314853571087,0.8846178820972934,0.0,mode,0.0023956298828125,0.06835627555847168,3,3,0.36164986687303824,0.12406203101550775,0.6199223399162292
693,1899,0.963075510290573,0.9955173691066722,0.993,1.0,0.9288879793750023,0.9631331516472825,0.0,deint,0.0023956298828125,0.06835627555847168,3,2,0.36164986687303824,0.12406203101550775,0.6199223399162292
694,1899,1.0,1.0,1.0,1.0,1.0,1.0,0.0,mode,0.0023956298828125,0.0716242790222168,2,2,0.04416819616093463,0.015007503751875938,0.68781977891922
694,1899,1.0,1.0,1.0,1.0,1.0,1.0,0.0,deint,0.0023956298828125,0.0716242790222168,2,2,0.04416819616093463,0.015007503751875938,0.68781977891922
695,1899,1.0,1.0,1.0,1.0,1.0,1.0,0.0,mode,0.0023956298828125,0.07004117965698242,2,2,0.04170835834189347,0.013006503251625813,0.6863051652908325
695,1899,1.0,1.0,1.0,1.0,1.0,1.0,0.0,deint,0.0023956298828125,0.07004117965698242,2,2,0.04170835834189347,0.013006503251625813,0.6863051652908325
696,1899,1.0,1.0,1.0,1.0,1.0,1.0,0.0,mode,0.0024784207344055176,0.0708615779876709,1,1,-1.000000082690371e-10,0.0,0.0
696,1899,1.0,1.0,1.0,1.0,1.0,1.0,0.0,deint,0.0024784207344055176,0.0708615779876709,1,1,-1.000000082690371e-10,0.0,0.0
697,1900,0.5513650861221856,0.29558927633240056,0.685,0.9764868860565048,0.3856023148965225,0.5528795081350479,0.2,mode,0.0024784207344055176,0.06293082237243652,4,4,0.9515707184802834,0.4687343671835918,0.20320239663124084
697,1900,0.9822632090890434,0.9931616929825297,0.999,0.9859458399951712,0.9787117716467194,0.9823154875347054,0.0,deint,0.0024784207344055176,0.06293082237243652,3,3,0.3669278716879859,0.11805902951475739,0.4262767434120178
698,1900,0.8089250907827549,0.6508990994000686,0.7915,0.9999999999999993,0.6801746919939531,0.8096475863313395,0.0,mode,0.0024784207344055176,0.05089211463928223,7,4,1.4697963980967823,0.26163081540770383,0.5785046219825745
698,1900,0.9887656848937529,0.9973210481777272,0.9945,0.9999999999999998,0.9778493234993282,0.9888006248820401,0.0,deint,0.0024784207344055176,0.05089211463928223,5,4,1.0223643748905098,0.26013006503251623,0.31837552785873413
699,1900,0.4461086486615132,0.20004200395703897,0.551,0.95119654605169,0.2936394051164986,0.4487479457343361,0.0,mode,0.0024784207344055176,0.06078362464904785,5,4,1.0121701176412214,0.12706353176588295,0.3701854944229126
699,1900,1.0,1.0,1.0,1.0,1.0,1.0,0.0,deint,0.0024784207344055176,0.06078362464904785,3,3,0.29721303106768476,0.09504752376188094,0.3308123052120209
700,1900,0.9008715332436497,0.9395767960661893,0.9135,1.0000000000000002,0.8199224267012348,0.9010520609797799,0.0,mode,0.0024812817573547363,0.05960249900817871,4,3,0.9194922408532917,0.48574287143571787,0.50455242395401
700,1900,1.0,1.0,1.0,1.0,1.0,1.0,0.0,deint,0.0024812817573547363,0.05960249900817871,2,2,0.1955602106940502,0.09804902451225612,0.8164840340614319
701,1900,0.43776765383756144,0.18582973961376945,0.5385,1.0,0.28151324909103903,0.43934504663250695,0.0,mode,0.0024812817573547363,0.06625556945800781,5,3,1.1782551327564779,0.7298649324662331,0.26130571961402893
701,1900,1.0,1.0,1.0,1.0,1.0,1.0,0.0,deint,0.0024812817573547363,0.06625556945800781,3,3,0.33169443052122594,0.08854427213606804,-0.10751465708017349
702,1901,0.3635900478444997,0.1573306030232928,0.516,1.0000000000000002,0.2228989748033087,0.3645419276586765,0.0,mode,0.0024812817573547363,0.0684359073638916,4,2,0.8773490814727045,0.9814907453726863,0.38294002413749695
702,1901,0.9452143213542065,0.9959398658462748,0.9915,1.0000000000000002,0.8963821560612981,0.9453602515676949,0.0,deint,0.0024812817573547363,0.0684359073638916,3,2,0.2181661128601966,0.05652826413206603,0.5371816158294678
703,1901,0.7896201892361705,0.7181608000031403,0.7345,0.9999999999999997,0.6525381572767879,0.7897405023943329,0.0,mode,0.0024812817573547363,0.057179927825927734,3,2,1.0592850998786933,0.591295647823912,0.5435757637023926
703,1901,1.0,1.0,1.0,1.0,1.0,1.0,0.0,deint,0.0024812817573547363,0.057179927825927734,2,2,0.6912239471013625,0.12106053026513257,0.7006310820579529
704,1901,0.8806152496498598,0.9583098892090877,0.905,1.0000000000000002,0.7868692285171474,0.8807239119229103,0.0,mode,0.0025217533111572266,0.06351256370544434,3,2,0.6179209286681818,0.1950975487743872,0.8686922788619995
704,1901,1.0,1.0,1.0,1.0,1.0,1.0,0.0,deint,0.0025217533111572266,0.06351256370544434,2,2,0.4862229644617922,0.010505252626313157,0.9287967085838318
705,1901,0.9425134709428843,0.9988454416236885,0.9955,1.0000000000000002,0.8916816093827074,0.9427396290792092,0.0,mode,0.0025217533111572266,0.06971359252929688,3,2,0.05759247859013248,0.013506753376688344,0.9913849830627441
705,1901,1.0,1.0,1.0,1.0,1.0,1.0,0.0,deint,0.0025217533111572266,0.06971359252929688,2,2,0.05135415406509297,0.009004502251125562,0.9946482181549072
706,1901,0.9414803695399,0.998713447326577,0.995,0.9999999999999998,0.8898595152450242,0.941720279276581,0.0,mode,0.0025217533111572266,0.0739603042602539,3,2,0.0629330058604468,0.015007503751875938,0.9902382493019104
706,1901,1.0,1.0,1.0,1.0,1.0,1.0,0.0,deint,0.0025217533111572266,0.0739603042602539,2,2,0.05600153415484735,0.010005002501250625,0.9935303926467896
707,1902,0.786559038357369,0.7801473284454046,0.661,1.0,0.6497976323510752,0.7877301065404838,0.0,mode,0.0025217533111572266,0.05144977569580078,12,4,1.8925345532246731,0.6488244122061031,-0.08315999060869217
707,1902,0.9708679249105152,0.988952017044238,0.9775,1.0000000000000002,0.9435542218866575,0.9709574461686236,0.0,deint,0.0025217533111572266,0.05144977569580078,6,4,1.303332064566122,0.42971485742871435,0.08266948163509369
708,1902,0.7231230864860658,0.45800964792450305,0.535,1.0,0.5680512633931574,0.7245314954358478,0.0,mode,0.0024930834770202637,0.05139422416687012,12,4,2.1460724546790617,0.7443721860930466,0.03375843167304993
708,1902,1.0000000000000002,1.0,1.0,1.0000000000000002,1.0,1.0000000000000002,0.0,deint,0.0024930834770202637,0.05139422416687012,4,4,1.2190791694953573,0.36368184092046024,0.23147402703762054
709,1902,0.5644946108082378,0.3818826231185063,0.8255,0.9999999999999972,0.397268729538928,0.5686361129258489,0.4,mode,0.0024930834770202637,0.06965351104736328,9,5,0.7560118267004955,0.3411705852926463,-0.07126766443252563
709,1902,1.0,1.0,1.0,1.0,1.0,1.0,0.0,deint,0.0024930834770202637,0.06965351104736328,5,5,0.3003398577672524,0.09654827413706854,0.929994523525238
710,1902,0.3421961708145666,0.1214340774415466,0.51,0.9999999999999979,0.20887913908042974,0.3455748921919851,0.15,mode,0.0024930834770202637,0.07020330429077148,9,4,0.8646169671720525,0.7678839419709855,0.41648799180984497
710,1902,0.9973435234590464,0.999992224154412,0.9995,0.9999999999999999,0.9947411522688978,0.997363644037162,0.15,deint,0.0024930834770202637,0.07020330429077148,5,4,0.1815552186776644,0.060030015007503754,0.9516832232475281
711,1902,0.35211080594115435,0.12299173551825075,0.5105,0.9999999999999999,0.21666539199784474,0.3561626613576406,0.1,mode,0.0024930834770202637,0.0682213306427002,9,5,0.8707094235316981,0.7848924462231116,0.46982425451278687
711,1902,1.0,1.0,1.0,1.0,1.0,1.0,0.1,deint,0.0024930834770202637,0.0682213306427002,5,5,0.18865259826071185,0.061030515257628815,0.9299324750900269
712,1903,0.8052573845080777,0.676417613621245,0.724,0.9999999999999998,0.6744170546778838,0.8055544498830071,0.0,mode,0.0024870634078979492,0.05690312385559082,4,3,1.201362604497627,0.5052526263131566,0.13510890305042267
712,1903,1.0,1.0,1.0,1.0,1.0,1.0,0.0,deint,0.0024870634078979492,0.05690312385559082,3,3,0.8102194292952081,0.1870935467733867,0.3992980420589447
713,1903,0.7643100964185799,0.5432403565035506,0.657,1.0,0.6189915404738402,0.7646630942774119,0.0,mode,0.0024870634078979492,0.058042049407958984,4,3,1.248001071427842,0.5557778889444722,0.27531132102012634
713,1903,1.0,1.0,1.0,1.0,1.0,1.0,0.0,deint,0.0024870634078979492,0.058042049407958984,3,3,0.7725021056637195,0.11305652826413207,0.6056375503540039
714,1903,0.8991583339220193,0.767169719994912,0.792,1.0,0.8171380496287823,0.8993681573017669,0.0,mode,0.0024870634078979492,0.04972338676452637,5,4,1.5919264081225815,0.5132566283141571,0.25614845752716064
714,1903,1.0,1.0,1.0,1.0,1.0,1.0,0.0,deint,0.0024870634078979492,0.04972338676452637,3,3,1.0676238941858558,0.2851425712856428,0.49008041620254517
715,1903,0.8283851829364437,0.7613661223282671,0.7585,0.9999999999999998,0.7074402311675856,0.8286559239427341,0.0,mode,0.0024870634078979492,0.054434776306152344,4,3,1.1467133828902367,0.471735867933967,0.11257046461105347
715,1903,1.0,1.0,1.0,1.0,1.0,1.0,0.0,deint,0.0024870634078979492,0.054434776306152344,3,3,0.8112311806578095,0.19959979989994997,0.3465781807899475
716,1904,0.8778019623294291,0.9800856351872981,0.9095,1.0,0.784602478386715,0.8793022400103327,0.0,mode,0.0025001168251037598,0.06605267524719238,11,5,0.8276508808465171,0.3026513256628314,0.8202722072601318
716,1904,1.0,1.0,1.0,1.0,1.0,1.0,0.0,deint,0.0025001168251037598,0.06605267524719238,5,5,0.6493769327141878,0.25962981490745374,0.8518162965774536
717,1904,0.8970691868942022,0.9895464782732375,0.945,1.0000000000000002,0.8157437268842888,0.8985229741468614,0.0,mode,0.0025001168251037598,0.06673765182495117,12,5,0.7168265242127574,0.2736368184092046,0.8571983575820923
717,1904,0.99544011817324,0.9999189471467541,0.9975,1.0,0.9909881346457525,0.9954736719936048,0.0,deint,0.0025001168251037598,0.06673765182495117,6,5,0.5900643209861983,0.23761880940470234,0.8426344394683838
718,1904,0.9570877999941508,0.997069765264467,0.963,1.0000000000000002,0.9185475959244854,0.9575447571649819,0.0,mode,0.0025001168251037598,0.06294846534729004,11,5,0.9962667284700448,0.5232616308154077,0.9270013570785522
718,1904,0.9944833341493172,0.9997822978551874,0.994,1.0,0.9890888167058015,0.9945144816045627,0.0,deint,0.0025001168251037598,0.06294846534729004,6,5,0.9252135837512528,0.5017508754377189,0.9211108684539795
719,1904,0.9186507875206328,0.9933203944436175,0.956,1.0,0.8508784731863226,0.9194320270217623,0.0,mode,0.0025001168251037598,0.062265634536743164,9,4,0.6754185835628627,0.2621310655327664,0.8389211297035217
719,1904,1.0,1.0,1.0,1.0,1.0,1.0,0.0,deint,0.0025001168251037598,0.062265634536743164,4,4,0.5746991335094278,0.22961480740370185,0.839878499507904
720,1904,0.8989052163070581,0.9913315764318585,0.9545,1.0,0.8183447892499188,0.9000985886592964,0.0,mode,0.002478182315826416,0.06620979309082031,10,4,0.6124007059729674,0.22761380690345173,0.864233136177063
720,1904,1.0,1.0,1.0,1.0,1.0,1.0,0.0,deint,0.002478182315826416,0.06620979309082031,4,4,0.5011549270842943,0.19859929964982492,0.8974775671958923
721,1905,1.0,1.0,1.0,1.0,1.0,1.0,0.0,mode,0.002478182315826416,0.06802082061767578,2,2,0.3609047762775029,0.176088044022011,0.935003399848938
721,1905,1.0,1.0,1.0,1.0,1.0,1.0,0.0,deint,0.002478182315826416,0.06802082061767578,2,2,0.3609047762775029,0.176088044022011,0.935003399848938
722,1905,1.0,1.0,1.0,1.0,1.0,1.0,0.0,mode,0.002478182315826416,0.05615544319152832,3,3,0.8148115133887511,0.18809404702351176,0.744606077671051
722,1905,1.0,1.0,1.0,1.0,1.0,1.0,0.0,deint,0.002478182315826416,0.05615544319152832,3,3,0.8148115133887511,0.18809404702351176,0.744606077671051
723,1905,1.0,1.0,1.0,1.0,1.0,1.0,0.0,mode,0.002478182315826416,0.06311392784118652,4,4,0.8890649510223165,0.33366683341670833,0.43518683314323425
723,1905,1.0,1.0,1.0,1.0,1.0,1.0,0.0,deint,0.002478182315826416,0.06311392784118652,4,4,0.8890649510223165,0.33366683341670833,0.43518683314323425
724,1905,1.0,1.0,1.0,1.0,1.0,1.0,0.0,mode,0.0024820566177368164,0.050283193588256836,4,4,1.1709251051711542,0.3746873436718359,0.5247160196304321
724,1905,1.0,1.0,1.0,1.0,1.0,1.0,0.0,deint,0.0024820566177368164,0.050283193588256836,4,4,1.1709251051711542,0.3746873436718359,0.5247160196304321
725,1905,1.0,1.0,1.0,1.0,1.0,1.0,0.0,mode,0.0024820566177368164,0.061341047286987305,3,3,0.6161292890659321,0.24712356178089045,0.4719942510128021
725,1905,1.0,1.0,1.0,1.0,1.0,1.0,0.0,deint,0.0024820566177368164,0.061341047286987305,3,3,0.6161292890659322,0.24712356178089045,0.4719942510128021
726,1906,0.6242313816167702,0.29427480004095635,0.4435,1.0000000000000002,0.45536756396924766,0.6257767113172652,0.0,mode,0.0024820566177368164,0.05491995811462402,9,4,2.0826121817766734,0.7718859429714857,0.09105468541383743
726,1906,1.0,1.0,1.0,1.0,1.0,1.0,0.0,deint,0.0024820566177368164,0.05491995811462402,4,4,0.9483540359181549,0.23861930965482742,0.1631847769021988
727,1906,0.8520466994495248,0.9417503125732816,0.832,1.0,0.7428266950176095,0.8524389684197532,0.0,mode,0.0024820566177368164,0.054785728454589844,6,3,1.0936358922510654,0.2751375687843922,0.7396264672279358
727,1906,0.8328705124933155,0.8584744634779221,0.955,0.7773555983298008,0.8977124595891232,0.8332100929904983,0.0,deint,0.0024820566177368164,0.054785728454589844,3,4,0.7003296788438181,0.1645822911455728,0.6738644242286682
728,1906,0.8038066653686481,0.8911617825218467,0.9825,0.9457475487693722,0.7020293781180368,0.8058646200045821,0.35000000000000003,mode,0.0025159716606140137,0.07110023498535156,6,4,0.19499190885894263,0.05502751375687844,0.9413332343101501
728,1906,0.9459519453843337,0.9582085621937418,0.998,0.8980944502876136,1.0,0.9463116549880092,0.2,deint,0.0025159716606140137,0.07110023498535156,3,4,0.1267185458854595,0.03401700850425213,0.9527124166488647
729,1906,0.9545206621586312,0.9987237182593701,0.992,1.0,0.9139393976168277,0.9550348341800519,0.0,mode,0.0025159716606140137,0.07029414176940918,6,4,0.18413028502553336,0.05152576288144072,0.9613608121871948
729,1906,1.0,1.0,1.0,1.0,1.0,1.0,0.0,deint,0.0025159716606140137,0.07029414176940918,3,3,0.11948469732816536,0.03251625812906453,0.9432113170623779
730,1906,0.9823767425122136,0.9996944874823299,0.9905,0.992922002003389,0.9722766847235151,0.9824908990803203,0.2,mode,0.0025159716606140137,0.06917619705200195,6,5,0.4855203351154839,0.27463731865932967,0.9571651816368103
730,1906,0.9040807900749271,0.9374227688471485,0.998,0.9615782021772741,0.8540156358990671,0.9046107147721846,0.0,deint,0.0025159716606140137,0.06917619705200195,3,3,0.0986128933382068,0.025512756378189096,0.6044464111328125
731,1907,0.7527824158850437,0.5146486702328208,0.6205,1.0000000000000004,0.6055369398969591,0.7543108163376441,0.0,mode,0.0025159716606140137,0.05400347709655762,11,5,2.0099811647307364,0.6218109054527263,0.2153051346540451
731,1907,0.9928267195515521,0.9992665924930113,0.9905,1.0,0.9858161450709898,0.9928574178610563,0.0,deint,0.0025159716606140137,0.05400347709655762,6,5,1.234629651686756,0.24562281140570286,0.28549569845199585
732,1907,0.6801010322014319,0.7436084012643537,0.699,0.9999999999999997,0.5157317561881928,0.68050531247715,0.0,mode,0.002485036849975586,0.059671640396118164,6,2,1.3099044549703966,0.5297648824412207,0.5991896986961365
732,1907,1.0,1.0,1.0,1.0,1.0,1.0,0.0,deint,0.002485036849975586,0.059671640396118164,2,2,0.6755593251100593,0.25162581290645325,0.7083154916763306
733,1907,0.6776118008317085,0.7357829919200627,0.693,0.9999999999999999,0.5128780638398622,0.6780163928586781,0.0,mode,0.002485036849975586,0.058115243911743164,6,2,1.321475019193237,0.46823411705852924,0.6767466068267822
733,1907,1.0,1.0,1.0,1.0,1.0,1.0,0.0,deint,0.002485036849975586,0.058115243911743164,2,2,0.677755549364299,0.13356678339169584,0.7487215995788574
734,1907,0.7179708241413895,0.8473340845515209,0.766,1.0000000000000002,0.5605257162110788,0.7183806205667954,0.0,mode,0.002485036849975586,0.05912303924560547,6,2,1.1087448858741877,0.4307153576788394,0.6523122191429138
734,1907,1.0,1.0,1.0,1.0,1.0,1.0,0.0,deint,0.002485036849975586,0.05912303924560547,2,2,0.621480021386315,0.24012006003001501,0.7394642233848572
735,1907,0.25964068122426603,0.0613149867965309,0.302,0.9999999999999987,0.15073122178622678,0.2619746799817488,0.0,mode,0.002485036849975586,0.06857442855834961,7,3,1.7296196118365463,0.9194597298649325,0.2346663773059845
735,1907,1.0,1.0,1.0,1.0,1.0,1.0,0.0,deint,0.002485036849975586,0.06857442855834961,3,3,0.26070767712305404,0.03451725862931466,0.4173041880130768
736,1908,0.9338530432041429,0.9758784911076408,0.913,1.0,0.8763549526524441,0.9341035942198627,0.0,mode,0.002476632595062256,0.05696225166320801,7,4,1.3083264530637027,0.7358679339669835,0.7308991551399231
736,1908,0.9736437265482784,0.9970426054355687,0.9865,1.0000000000000002,0.9487697608483284,0.9737114972836144,0.0,deint,0.002476632595062256,0.05696225166320801,4,3,0.6293613732837764,0.21060530265132565,0.6597950458526611
737,1908,0.9578340991109641,0.9747076751366404,0.9275,1.0000000000000002,0.9193922611579607,0.9580035095101359,0.0,mode,0.002476632595062256,0.0532071590423584,7,5,1.5846767066246419,0.6308154077038519,0.22130893170833588
737,1908,1.0,1.0,1.0,1.0,1.0,1.0,0.0,deint,0.002476632595062256,0.0532071590423584,4,4,1.1257719564603215,0.3726863431715858,0.44186824560165405
738,1908,0.7304564067947668,0.5047112934000139,0.656,0.9999999999999992,0.5768857185935322,0.7316772696858113,0.0,mode,0.002476632595062256,0.05572104454040527,8,4,1.5428707763478744,0.6283141570785392,0.2283737063407898
738,1908,1.0,1.0,1.0,1.0,1.0,1.0,0.0,deint,0.002476632595062256,0.05572104454040527,4,4,0.8900601165719138,0.3181590795397699,0.14265231788158417
739,1908,0.8896300006761003,0.9006691635669343,0.8445,1.0,0.8017493324882344,0.8899676753380675,0.0,mode,0.002476632595062256,0.059548377990722656,6,4,1.3820802372678154,0.6868434217108554,0.17657466232776642
739,1908,1.0,1.0,1.0,1.0,1.0,1.0,0.0,deint,0.002476632595062256,0.059548377990722656,3,3,0.6225537205543801,0.19409704852426213,0.5632309317588806
740,1908,0.924541288005622,0.9344388387838961,0.878,1.0,0.8602384336970186,0.9248690040097598,0.0,mode,0.0025160908699035645,0.05106353759765625,7,5,1.5374715363475036,0.6303151575787894,0.24954919517040253
740,1908,1.0,1.0,1.0,1.0000000000000002,1.0,1.0000000000000002,0.0,deint,0.0025160908699035645,0.05106353759765625,4,4,0.8487835887684655,0.20060030015007504,0.45275095105171204
741,1909,0.6726548391736505,0.43877997248293793,0.4435,1.0000000000000002,0.5085253188096819,0.6742019009809385,0.0,mode,0.0025160908699035645,0.05147361755371094,11,4,2.1512125970067255,0.7013506753376688,0.3740875720977783
741,1909,1.0,1.0,1.0,1.0,1.0,1.0,0.0,deint,0.0025160908699035645,0.05147361755371094,4,4,1.0939460718796268,0.29964982491245623,0.4419550895690918
742,1909,0.7426493633882822,0.8003575877135891,0.719,0.9999999999999999,0.5925717214558542,0.7441695886878525,0.0,mode,0.0025160908699035645,0.05542159080505371,11,4,1.5234789261668122,0.3871935967983992,0.5657346844673157
742,1909,1.0,1.0,1.0,1.0,1.0,1.0,0.0,deint,0.0025160908699035645,0.05542159080505371,4,4,0.9027705301322135,0.10205102551275638,0.6418999433517456
743,1909,0.8676321716181133,0.9942113154561927,0.9745,1.0,0.7688462857070999,0.8693195015526768,0.2,mode,0.0025160908699035645,0.07032608985900879,10,4,0.24810456001137013,0.05902951475737869,0.9066962003707886
743,1909,0.9929135588641209,0.9999291490751228,0.999,1.0,0.9860260505153553,0.9929638639528325,0.2,deint,0.0025160908699035645,0.07032608985900879,5,4,0.19345763695378046,0.04102051025512756,0.9098067879676819
744,1909,0.8682364135129466,0.9950796451965118,0.9735,1.0,0.7696232782285767,0.8698159520132248,0.0,mode,0.002526581287384033,0.07089066505432129,9,3,0.23604116285087356,0.05952976488244122,0.9314924478530884
744,1909,0.9811557981639772,0.9996294400715049,0.995,0.9999999999999997,0.9632466421917276,0.9812792967432549,0.0,deint,0.002526581287384033,0.07089066505432129,4,3,0.18859424564843502,0.04402201100550275,0.93608558177948
745,1909,0.8608616178784232,0.9942507355198701,0.9765,1.0,0.7579942568479857,0.8623398556569116,0.0,mode,0.002526581287384033,0.06799912452697754,8,3,0.21679420814361533,0.05202601300650325,0.959006130695343
745,1909,1.0,1.0,1.0,1.0,1.0,1.0,0.0,deint,0.002526581287384033,0.06799912452697754,3,3,0.16432876499716267,0.03551775887943972,0.9673155546188354
746,1910,0.5969644793298428,0.24482345392227392,0.4395,1.0000000000000002,0.4269419103418333,0.5984012484986956,0.0,mode,0.002526581287384033,0.06014752388000488,7,4,1.8184847310953571,0.7633816908454227,0.3233637809753418
746,1910,1.0,1.0,1.0,0.9999999999999999,1.0,0.9999999999999999,0.0,deint,0.002526581287384033,0.06014752388000488,4,4,0.7763873449201661,0.07653826913456728,0.39187511801719666
747,1910,0.8698313180966789,0.9946023285922758,0.9805,1.0000000000000002,0.7709611901381938,0.8706697746188705,0.0,mode,0.002526581287384033,0.06813359260559082,5,2,0.16103790026745993,0.03901950975487744,0.947890043258667
747,1910,1.0,1.0,1.0,1.0,1.0,1.0,0.0,deint,0.002526581287384033,0.06813359260559082,2,2,0.12415397143303726,0.0240120060030015,0.965583324432373
748,1910,0.8687937604818092,0.9944718862090182,0.98,1.0000000000000002,0.7693475267144981,0.8696398136584279,0.0,mode,0.0024750828742980957,0.0720071792602539,5,2,0.16369912254121072,0.03951975987993997,0.9586799144744873
748,1910,1.0,1.0,1.0,1.0,1.0,1.0,0.0,deint,0.0024750828742980957,0.0720071792602539,2,2,0.12594151523708774,0.0240120060030015,0.9715578556060791
749,1910,0.8720155849954336,0.9950408661458496,0.982,0.9999999999999999,0.7743741922427925,0.8728420370722262,0.0,mode,0.0024750828742980957,0.07092094421386719,5,2,0.1509694536845949,0.03601800900450225,0.9622082710266113
749,1910,1.0,1.0,1.0,1.0,1.0,1.0,0.0,deint,0.0024750828742980957,0.07092094421386719,2,2,0.11690684893753106,0.022011005502751375,0.9757537841796875
750,1910,0.8740667504254831,0.9956462660187224,0.985,1.0000000000000002,0.7775880343480934,0.8748799151691674,0.0,mode,0.0024750828742980957,0.07027244567871094,5,2,0.135963881458187,0.03401700850425213,0.9699882864952087
750,1910,1.0,1.0,1.0,1.0,1.0,1.0,0.0,deint,0.0024750828742980957,0.07027244567871094,2,2,0.10572388751420275,0.0240120060030015,0.9759386777877808
751,1911,1.0,1.0,1.0,1.0,1.0,1.0,0.0,mode,0.0024750828742980957,0.06015181541442871,3,3,0.7817861159615813,0.10505252626313157,0.8036584258079529
751,1911,1.0,1.0,1.0,1.0,1.0,1.0,0.0,deint,0.0024750828742980957,0.06015181541442871,3,3,0.7817861159615813,0.10505252626313157,0.8036584258079529
752,1911,1.0,1.0,1.0,1.0,1.0,1.0,0.0,mode,0.0024936795234680176,0.06299805641174316,3,3,0.7120524890207671,0.18009004502251125,0.742321252822876
752,1911,1.0,1.0,1.0,1.0,1.0,1.0,0.0,deint,0.0024936795234680176,0.06299805641174316,3,3,0.7120524890207671,0.18009004502251125,0.742321252822876
753,1911,1.0,1.0,1.0,1.0,1.0,1.0,0.0,mode,0.0024936795234680176,0.06617474555969238,3,3,0.3584938411263516,0.10655327663831916,0.7743252515792847
753,1911,1.0,1.0,1.0,1.0,1.0,1.0,0.0,deint,0.0024936795234680176,0.06617474555969238,3,3,0.3584938411263516,0.10655327663831916,0.7743252515792847
754,1911,0.684781131524464,0.5631426648582188,0.8375,0.5218982059726304,0.9979067017019229,0.6853586466478527,0.15,mode,0.0024936795234680176,0.056388139724731445,3,4,0.45610855017226376,0.11705852926463231,0.5466203093528748
754,1911,0.6892845508078654,0.564490749221096,0.838,0.5265197966636971,1.0000000000000002,0.6898302895441495,0.05,deint,0.0024936795234680176,0.056388139724731445,3,4,0.45610855017226376,0.11705852926463231,0.5466203093528748
755,1911,1.0,1.0,1.0,1.0000000000000002,1.0,1.0000000000000002,0.0,mode,0.0024936795234680176,0.06282615661621094,3,3,0.331664430629308,0.08404202101050526,0.6130500435829163
755,1911,1.0,1.0,1.0,1.0,1.0,1.0,0.0,deint,0.0024936795234680176,0.06282615661621094,3,3,0.33166443062930795,0.08404202101050526,0.6130500435829163
756,1912,0.8177940345807996,0.6191917479295327,0.68,0.9952014887973447,0.6955233169933308,0.8188036730688721,0.1,mode,0.002503633499145508,0.049361467361450195,8,6,1.7473356470537678,0.6438219109554777,0.2180643379688263
756,1912,0.9968576968937071,0.9996661281336318,0.9975,0.9973104594844278,0.9964339598928368,0.9968720170231316,0.05,deint,0.002503633499145508,0.049361467361450195,6,6,1.2196620488815788,0.31015507753876936,0.2729736566543579
757,1912,0.9183117602374199,0.995159734494976,0.9775,1.0000000000000002,0.8501348368616943,0.9189977075441078,0.0,mode,0.002503633499145508,0.07277894020080566,5,3,0.25246625711346077,0.054027013506753374,0.9370511770248413
757,1912,1.0,1.0,1.0,1.0,1.0,1.0,0.0,deint,0.002503633499145508,0.07277894020080566,3,3,0.214630360429302,0.03601800900450225,0.9454626441001892
758,1912,0.9314153652817647,0.997972556424072,0.99,1.0,0.8726172896463945,0.931976111158485,0.0,mode,0.002503633499145508,0.06910300254821777,5,3,0.13592997329750114,0.03151575787893947,0.9283629059791565
758,1912,1.0,1.0,1.0,1.0,1.0,1.0,0.0,deint,0.002503633499145508,0.06910300254821777,3,3,0.11861484501688088,0.025512756378189096,0.9326249957084656
759,1912,0.9242098905854056,0.9970826599959853,0.987,1.0000000000000002,0.8601946239978253,0.924843683451943,0.0,mode,0.002503633499145508,0.07230210304260254,5,3,0.16318160018528402,0.04052026013006503,0.9415450692176819
759,1912,1.0,1.0,1.0,1.0,1.0,1.0,0.0,deint,0.002503633499145508,0.07230210304260254,3,3,0.14036793534484107,0.032016008004002,0.9483506679534912
760,1912,0.8767275379081495,0.9227523483107153,0.8445,1.0000000000000002,0.7816581066114034,0.8774501726350471,0.0,mode,0.0024871826171875,0.060614585876464844,7,5,1.207945435919371,0.29664832416208103,0.6733490228652954
760,1912,1.0,1.0,1.0,1.0,1.0,1.0,0.0,deint,0.0024871826171875,0.060614585876464844,4,4,0.8943934424268267,0.1055527763881941,0.7037280797958374
761,1913,0.7865943024222631,0.5680922600873536,0.6305,1.0000000000000002,0.6498766778675082,0.7877881863358226,0.0,mode,0.0024871826171875,0.05706357955932617,8,5,1.5715801070510984,0.9164582291145573,0.5871384143829346
761,1913,1.0,1.0,1.0,1.0,1.0,1.0,0.0,deint,0.0024871826171875,0.05706357955932617,4,4,0.5399817678371441,0.21060530265132565,-0.19166499376296997
762,1913,0.7664593988890257,0.6211979214787565,0.758,0.9999999999999999,0.6220969146438531,0.7670280474954733,0.0,mode,0.0024871826171875,0.05960416793823242,6,3,1.2993679929428854,0.7148574287143572,0.5763689279556274
762,1913,1.0,1.0,1.0,0.9999999999999999,1.0,0.9999999999999999,0.0,deint,0.0024871826171875,0.05960416793823242,3,3,0.8083328194700032,0.45072536268134067,0.37098604440689087
763,1913,0.8427088412790493,0.8501895709237943,0.858,1.0000000000000007,0.728722578141551,0.8430763702119959,0.0,mode,0.0024871826171875,0.058260202407836914,6,3,1.2492665326259114,0.4017008504252126,0.5484575629234314
763,1913,1.0,1.0,1.0,1.0,1.0,1.0,0.0,deint,0.0024871826171875,0.058260202407836914,3,3,0.9103687285783432,0.30815407703851927,0.5999528169631958
764,1913,0.7820505644892601,0.7813116779375106,0.762,1.0000000000000002,0.642712013610638,0.782501142361495,0.0,mode,0.0024867653846740723,0.05779123306274414,5,3,1.2194676780173568,0.5117558779389695,0.5967136025428772
764,1913,1.0,1.0,1.0,1.0,1.0,1.0,0.0,deint,0.0024867653846740723,0.05779123306274414,3,3,0.7837665268929804,0.24462231115557778,0.5443925857543945
765,1913,0.8389478368244035,0.8992356558943899,0.866,0.9999999999999999,0.7232508304935903,0.8394028515122546,0.0,mode,0.0024867653846740723,0.06145358085632324,6,3,1.0497356181448925,0.41420710355177587,0.26413238048553467
765,1913,0.9999999999999999,1.0,1.0,0.9999999999999999,1.0,0.9999999999999999,0.0,deint,0.0024867653846740723,0.06145358085632324,3,3,0.7592221577559469,0.32866433216608304,0.6579814553260803
766,1914,0.716612996673278,0.5333515379472548,0.5935,1.0,0.560929800161802,0.7187123983457264,0.0,mode,0.0024867653846740723,0.05071115493774414,14,5,2.319286022599202,0.5782891445722862,0.22822116315364838
766,1914,1.0,1.0,1.0,1.0,1.0,1.0,0.0,deint,0.0024867653846740723,0.05071115493774414,5,5,1.3009566454599328,0.21460730365182593,0.3562757670879364
767,1914,0.8866975812274529,0.9945677962247846,0.9675,1.0,0.7999161647860878,0.8888371363464634,0.0,mode,0.0024867653846740723,0.06920456886291504,13,5,0.4082535941182224,0.10655327663831916,0.3348590135574341
767,1914,1.0,1.0,1.0,1.0,1.0,1.0,0.0,deint,0.0024867653846740723,0.06920456886291504,5,5,0.32656864980707556,0.0815407703851926,0.34736424684524536
768,1914,0.8659636300524178,0.9921952681941801,0.953,0.9625227650463072,0.7917867957566799,0.8688464487761657,0.0,mode,0.0025069713592529297,0.06862902641296387,13,6,0.4760413910745378,0.11855927963981991,0.6476149559020996
768,1914,1.0,1.0,1.0,1.0,1.0,1.0,0.0,deint,0.0025069713592529297,0.06862902641296387,5,5,0.3769232882157836,0.08604302151075538,0.6615162491798401
769,1914,0.894943499060171,0.9946018301593099,0.9655,1.0,0.8129337822687327,0.8968157471823545,0.0,mode,0.0025069713592529297,0.06630229949951172,13,5,0.4776907136171468,0.13956978489244623,0.8093122243881226
769,1914,1.0,1.0,1.0,1.0,1.0,1.0,0.0,deint,0.0025069713592529297,0.06630229949951172,5,5,0.38833091913225126,0.11055527763881941,0.8220444917678833
770,1914,0.8873504405352567,0.993662201915412,0.962,1.0,0.8008474409444406,0.8894117544176228,0.0,mode,0.0025069713592529297,0.06924772262573242,13,5,0.48830060358682403,0.1375687843921961,0.851105272769928
770,1914,1.0,1.0,1.0,1.0,1.0,1.0,0.0,deint,0.0025069713592529297,0.06924772262573242,5,5,0.39105428933523534,0.10605302651325663,0.8649218082427979
771,1915,0.6235883154114784,0.380466775722123,0.4885,1.0000000000000002,0.4552448923505616,0.6256608695121196,0.0,mode,0.0025069713592529297,0.05348992347717285,12,4,2.141655700167153,0.7473736868434218,-0.05652036890387535
771,1915,1.0,1.0,1.0,1.0,1.0,1.0,0.0,deint,0.0025069713592529297,0.05348992347717285,4,4,0.9749778188208559,0.3151575787893947,0.1312628537416458
772,1915,0.7876935090688423,0.7968199175410183,0.7285,1.0,0.6517739460622197,0.7891805626502701,0.0,mode,0.0024750232696533203,0.05141568183898926,11,5,1.8002866859083282,0.4317158579289645,0.5797586441040039
772,1915,1.0,1.0,1.0,1.0,1.0,1.0,0.0,deint,0.0024750232696533203,0.05141568183898926,5,5,1.1733799575346986,0.16508254127063532,0.6778547167778015
773,1915,0.9781893380461382,0.9995349741048208,0.987,1.0000000000000002,0.9575659084357954,0.9783230330170024,0.0,mode,0.0024750232696533203,0.06650853157043457,10,4,0.7304005370521182,0.5917958979489745,0.8188894987106323
773,1915,1.0,1.0,1.0,1.0,1.0,1.0,0.0,deint,0.0024750232696533203,0.06650853157043457,4,4,0.6994066543418703,0.5822911455727864,0.8237119913101196
774,1915,0.9715162892922229,0.9991055143373463,0.9815,1.0000000000000002,0.9449403996244503,0.9716908546985908,0.0,mode,0.0024750232696533203,0.06453609466552734,10,4,0.7739019702657495,0.6343171585792896,0.797909677028656
774,1915,1.0,1.0,1.0,1.0,1.0,1.0,0.0,deint,0.0024750232696533203,0.06453609466552734,4,4,0.731291237598007,0.6203101550775387,0.8032345175743103
775,1915,0.970900240304662,0.9991639688298563,0.982,1.0,0.943796322239487,0.9710856136944638,0.0,mode,0.0024750232696533203,0.0654146671295166,10,4,0.7476405832633775,0.5792896448224112,0.8261547088623047
775,1915,1.0,1.0,1.0,1.0,1.0,1.0,0.0,deint,0.0024750232696533203,0.0654146671295166,4,4,0.7056204333847568,0.5667833916958479,0.8353209495544434
776,1916,0.6721475889345928,0.3876746368194257,0.4845,0.9999999999999998,0.5078022929399714,0.673566150307198,0.0,mode,0.0024720430374145508,0.055480241775512695,10,4,2.116975240102107,0.7153576788394197,0.13331818580627441
776,1916,1.0,1.0,1.0,0.9999999999999998,1.0,0.9999999999999999,0.0,deint,0.0024720430374145508,0.055480241775512695,4,4,1.0750048811287989,0.29064532266133064,0.18073712289333344
777,1916,0.8912653191674422,0.9955268809762085,0.9755,0.9999999999999999,0.8063118829986721,0.8927714981978722,0.0,mode,0.0024720430374145508,0.07009434700012207,9,4,0.26276299229650635,0.05952976488244122,0.8348519802093506
777,1916,1.0,1.0,1.0,1.0,1.0,1.0,0.0,deint,0.0024720430374145508,0.07009434700012207,4,4,0.2118689234266423,0.04352176088044022,0.8464581966400146
778,1916,0.8910385999196105,0.9959293597826901,0.9735,1.0,0.8061695966808987,0.8926842730188278,0.0,mode,0.0024720430374145508,0.07178854942321777,10,4,0.2777787495751872,0.06453226613306653,0.8772222399711609
778,1916,1.0,1.0,1.0,1.0,1.0,1.0,0.0,deint,0.0024720430374145508,0.07178854942321777,4,4,0.22393678291772273,0.04902451225612806,0.8945146203041077
779,1916,0.8920502814011207,0.9953756856989228,0.971,0.9999999999999999,0.8080671986645447,0.8938464225902562,0.0,mode,0.0024720430374145508,0.06804418563842773,11,5,0.30228728234464863,0.07103551775887944,0.8440185785293579
779,1916,1.0,1.0,1.0,1.0,1.0,1.0,0.0,deint,0.0024720430374145508,0.06804418563842773,4,4,0.22398543131877674,0.048024012006003,0.9157657027244568
780,1916,0.9505836736974272,0.9985255174532498,0.98,1.0,0.9070975786654186,0.9512859633540125,0.0,mode,0.0025191307067871094,0.0691523551940918,10,5,0.42929752917708824,0.15407703851925963,0.37263715267181396
780,1916,1.0,1.0,1.0,1.0,1.0,1.0,0.0,deint,0.0025191307067871094,0.0691523551940918,4,4,0.18555342880483577,0.03901950975487744,0.9071907997131348
781,1917,1.0,1.0,1.0,1.0,1.0,1.0,0.05,mode,0.0025191307067871094,0.06761050224304199,6,6,0.48239422507859336,0.2161080540270135,0.8996019959449768
781,1917,0.9749875355401951,0.9968179771111446,0.9935,1.0000000000000002,0.9515358290135086,0.9751661382455943,0.05,deint,0.0025191307067871094,0.06761050224304199,6,5,0.48239422507859336,0.2161080540270135,0.8996019959449768
782,1917,1.0,1.0,1.0,1.0,1.0,1.0,0.0,mode,0.0025191307067871094,0.0670311450958252,6,6,0.3661256456919484,0.1340670335167584,0.9556676745414734
782,1917,0.9575664650861846,0.9958804316919092,0.986,0.9999999999999999,0.9194745462306856,0.9580481783791068,0.0,deint,0.0025191307067871094,0.0670311450958252,6,5,0.36612564569194844,0.1340670335167584,0.9556676745414734
783,1917,1.0,1.0,1.0,1.0,1.0,1.0,0.0,mode,0.0025191307067871094,0.07060790061950684,5,5,0.6281589916961295,0.4317158579289645,0.9530915021896362
783,1917,1.0,1.0,1.0,1.0,1.0,1.0,0.0,deint,0.0025191307067871094,0.07060790061950684,5,5,0.6281589916961295,0.4317158579289645,0.9530915021896362
784,1917,1.0,1.0,1.0,0.9999999999999999,1.0,0.9999999999999999,0.0,mode,0.0025202035903930664,0.06485605239868164,5,5,0.7086732548448113,0.4637318659329665,0.9544958472251892
784,1917,1.0,1.0,1.0,1.0,1.0,1.0,0.0,deint,0.0025202035903930664,0.06485605239868164,5,5,0.7086732548448114,0.4637318659329665,0.9544958472251892
785,1917,0.9975146724790748,0.9999650206309026,0.999,1.0,0.9950692121157623,0.9975285128684791,0.0,mode,0.0025202035903930664,0.06837797164916992,6,5,0.6367114005582809,0.423711855927964,0.9716995358467102
785,1917,0.9975146724790748,0.9999650206309026,0.999,1.0,0.9950692121157623,0.9975285128684791,0.0,deint,0.0025202035903930664,0.06837797164916992,6,5,0.636711400558281,0.423711855927964,0.9716995358467102
786,1918,0.7793857845732808,0.6981480426513819,0.683,1.0000000000000002,0.6409437203186044,0.7811891564375641,0.0,mode,0.0025202035903930664,0.05123114585876465,13,5,1.8609508869542275,0.5447723861930965,0.3820025324821472
786,1918,1.0,1.0,1.0,1.0,1.0,1.0,0.0,deint,0.0025202035903930664,0.05123114585876465,4,4,1.0491029619660464,0.24762381190595298,0.48578351736068726
787,1918,0.9045925103290031,0.9738626066509037,0.9075,0.9939912561932958,0.8314363113275497,0.9054759972356491,0.2,mode,0.0025202035903930664,0.05878758430480957,10,6,1.1104459348770899,0.21310655327663833,0.7815735936164856
787,1918,1.0,1.0,1.0,0.9999999999999998,1.0,0.9999999999999999,0.0,deint,0.0025202035903930664,0.05878758430480957,4,4,0.5158114072162103,0.12306153076538269,0.5777056217193604
788,1918,0.9244025878523064,0.9977588937011286,0.987,1.0,0.8609003244285456,0.9252514098979644,0.2,mode,0.0025241971015930176,0.06874799728393555,8,4,0.1858818720456324,0.05302651325662831,0.9223779439926147
788,1918,0.9935030841749644,0.9999741032440255,0.999,1.0,0.9871542650414126,0.9935356126172118,0.2,deint,0.0025241971015930176,0.06874799728393555,4,3,0.10791864852036659,0.02801400700350175,0.8925917744636536
789,1918,0.8527653289776143,0.9433028221072461,0.98,1.0000000000000002,0.7456614211760543,0.8543024576595171,0.0,mode,0.0025241971015930176,0.07000184059143066,7,3,0.22041776007834565,0.057028514257128564,0.8793540000915527
789,1918,1.0,1.0,1.0,1.0,1.0,1.0,0.0,deint,0.0025241971015930176,0.07000184059143066,2,2,0.1132225025146081,0.02301150575287644,0.9712846875190735
790,1918,0.7894414839649027,0.8543679770122556,0.9785,1.0,0.6550880100292749,0.791605045846097,0.0,mode,0.0025241971015930176,0.07004523277282715,7,3,0.22479862299137895,0.058529264632316155,0.8390883803367615
790,1918,1.0,1.0,1.0,1.0,1.0,1.0,0.0,deint,0.0025241971015930176,0.07004523277282715,2,2,0.09608677265703669,0.02301150575287644,0.975310206413269
791,1919,0.7994435654404922,0.5432835824404652,0.641,0.9999999999999998,0.667144807200051,0.8003441624492265,0.0,mode,0.0025241971015930176,0.04969143867492676,8,5,1.9141632149894288,0.6423211605802901,0.1561916172504425
791,1919,1.0,1.0,1.0,1.0,1.0,1.0,0.0,deint,0.0025241971015930176,0.04969143867492676,5,5,1.2770240490472684,0.29514757378689344,0.24022723734378815
792,1919,0.9384749683222676,0.9979861820847591,0.9875,1.0000000000000002,0.8853323056660105,0.9391790540111273,0.0,mode,0.0024869441986083984,0.07615947723388672,7,4,0.19384744994115294,0.04652326163081541,0.8146010637283325
792,1919,1.0000000000000002,1.0,1.0,1.0000000000000002,1.0,1.0000000000000002,0.0,deint,0.0024869441986083984,0.07615947723388672,4,4,0.1716194100236101,0.0400200100050025,0.8639277815818787
793,1919,0.9187297124792818,0.9977453247693723,0.9865,0.9922251700009416,0.8568775318907141,0.9195978718547864,0.25,mode,0.0024869441986083984,0.06907343864440918,7,4,0.1675042394049491,0.04452226113056528,0.9174476265907288
793,1919,1.0,1.0,1.0,1.0,1.0,1.0,0.2,deint,0.0024869441986083984,0.06907343864440918,4,4,0.1441050653066346,0.03851925962981491,0.9198398590087891
794,1919,0.9792960486097455,0.9994464583900603,0.986,1.0,0.9597485754166155,0.9794609241775682,0.0,mode,0.0024869441986083984,0.07082891464233398,8,5,0.5967274217045727,0.2666333166583292,0.8704879879951477
794,1919,1.0,1.0,1.0,1.0,1.0,1.0,0.0,deint,0.0024869441986083984,0.07082891464233398,4,4,0.1520775370950678,0.03851925962981491,0.8764311075210571
795,1919,0.9901555753012495,0.9998347577072372,0.992,0.998546452181648,0.9819867042498431,0.9901973480565143,0.05,mode,0.0024869441986083984,0.060719966888427734,7,5,0.7867895149706718,0.7498749374687343,0.959380567073822
795,1919,1.0,1.0,1.0,1.0,1.0,1.0,0.0,deint,0.0024869441986083984,0.060719966888427734,3,3,0.08971282626079705,0.02301150575287644,0.8503358364105225
796,1920,0.9462927457469131,0.96717432525838,0.9185,0.9999999999999998,0.898474254262849,0.9465224532230635,0.0,mode,0.0024839043617248535,0.055707693099975586,6,5,1.199928972521064,0.3056528264132066,0.46977001428604126
796,1920,1.0,1.0,1.0,1.0,1.0,1.0,0.0,deint,0.0024839043617248535,0.055707693099975586,5,5,1.0781052887933344,0.2591295647823912,0.401946485042572
797,1920,0.9353596325615312,0.935581297963438,0.8885,1.0,0.8788991008664362,0.9355468853661597,0.0,mode,0.0024839043617248535,0.04926776885986328,6,4,1.3869745511984322,0.30665332666333167,0.6417131423950195
797,1920,1.0000000000000002,1.0,1.0,1.0000000000000002,1.0,1.0000000000000002,0.0,deint,0.0024839043617248535,0.04926776885986328,4,4,1.2190106861002707,0.19259629814907453,0.577713668346405
798,1920,0.9398889961466992,0.9984579559110356,0.9945,0.9999999999999998,0.8870594536197325,0.9401499798198585,0.0,mode,0.0024839043617248535,0.0705404281616211,3,2,0.07327794465007197,0.0240120060030015,0.9888123869895935
798,1920,1.0,1.0,1.0,1.0,1.0,1.0,0.0,deint,0.0024839043617248535,0.0705404281616211,2,2,0.06500189360978766,0.0240120060030015,0.9866864681243896
799,1920,0.9407473310995825,0.9985392838208271,0.995,1.0,0.88857614587325,0.9410011323238284,0.0,mode,0.0024839043617248535,0.07167887687683105,3,2,0.07065890174945728,0.02301150575287644,0.9930709600448608
799,1920,1.0,1.0,1.0,1.0,1.0,1.0,0.0,deint,0.0024839043617248535,0.07167887687683105,2,2,0.06278581465474227,0.02301150575287644,0.9897770881652832
800,1920,0.940848415505426,0.9985924114589051,0.995,1.0000000000000002,0.888750134665208,0.9410986856900945,0.0,mode,0.0025231242179870605,0.0696256160736084,3,2,0.06812683832973594,0.022011005502751375,0.9938164353370667
800,1920,1.0,1.0,1.0,1.0,1.0,1.0,0.0,deint,0.0025231242179870605,0.0696256160736084,2,2,0.0605477368064927,0.022011005502751375,0.9910926222801208
801,1921,0.8938575363048139,0.8843351690799048,0.8195,0.9999999999999999,0.8090453504711883,0.8944445204322404,0.0,mode,0.0025231242179870605,0.05111813545227051,10,5,1.8556664140118246,0.5692846423211606,0.16959621012210846
801,1921,1.0,1.0,1.0,1.0,1.0,1.0,0.0,deint,0.0025231242179870605,0.05111813545227051,4,4,1.1476307947252578,0.3876938469234617,0.5018541216850281
802,1921,0.8712866361152153,0.8971970544911377,0.8095,1.0000000000000002,0.7732631305939058,0.8721358012275626,0.0,mode,0.0025231242179870605,0.04839777946472168,11,5,1.7826478393818168,0.5312656328164082,0.25265932083129883
802,1921,0.9935464109353902,0.9980951666910699,0.9955,1.0,0.9872228771947326,0.9935703624631655,0.0,deint,0.0025231242179870605,0.04839777946472168,6,5,1.3962965011528974,0.4102051025512756,0.2695480287075043
803,1921,0.9217242295978377,0.9785248304394947,0.9,1.0000000000000002,0.855835776234947,0.922318437002261,0.0,mode,0.0025231242179870605,0.059941768646240234,10,5,1.3720047565021338,0.7113556778389195,0.8006060123443604
803,1921,0.9740575451211156,0.9973249197028138,0.979,0.9999999999999998,0.9496795107673127,0.9741903790059918,0.0,deint,0.0025231242179870605,0.059941768646240234,5,4,0.6537114886144981,0.20710355177588793,0.3849530518054962
804,1921,0.8847323625985846,0.8145525507400577,0.8025,1.0,0.7945614689417626,0.8855215969952912,0.0,mode,0.0024983882904052734,0.048865318298339844,11,6,2.092124890541665,0.6953476738369184,0.4006499648094177
804,1921,0.9895207513505935,0.9985457723494086,0.9935,1.0,0.9793232363889859,0.9895536195246533,0.0,deint,0.0024983882904052734,0.048865318298339844,5,4,1.0062677337838475,0.2481240620310155,0.4996234178543091
805,1921,0.900954864022861,0.9961821776953654,0.9815,0.9999999999999999,0.821814312400854,0.9021932771159721,0.0,mode,0.0024983882904052734,0.07338857650756836,8,4,0.22169533018198737,0.05152576288144072,0.8633248209953308
805,1921,1.0,1.0,1.0,1.0,1.0,1.0,0.0,deint,0.0024983882904052734,0.07338857650756836,4,4,0.18219239559344172,0.03701850925462731,0.8694977760314941
806,1922,0.644690004091144,0.3500453021054085,0.4165,0.9999999999999998,0.47792427802338033,0.6467506964058678,0.0,mode,0.0024983882904052734,0.05283975601196289,14,4,2.334972303027112,0.7158579289644822,-0.031518660485744476
806,1922,0.983139182080848,0.9969457244818283,0.9875,1.0,0.9669495008948327,0.9831970779676186,0.0,deint,0.0024983882904052734,0.05283975601196289,6,4,1.1540829703981805,0.3631815907953977,-0.06691839545965195
807,1922,0.6447193809199253,0.3531869447403971,0.4055,0.9999999999999997,0.4776717797874609,0.6465194589507098,0.0,mode,0.0024983882904052734,0.05980968475341797,11,4,2.0609068077054333,0.7633816908454227,0.13927827775478363
807,1922,1.0,1.0,1.0,1.0,1.0,1.0,0.0,deint,0.0024983882904052734,0.05980968475341797,4,4,0.9844370229381879,0.31015507753876936,0.003440317464992404
808,1922,0.7254859850210451,0.40811958073111926,0.5075,0.9999999999999999,0.5714712821424275,0.7273073184809662,0.0,mode,0.002485513687133789,0.051097869873046875,13,5,2.3602423067391203,0.7498749374687343,0.011900906451046467
808,1922,0.9801063668065978,0.9909041547352131,0.9845,1.0,0.961160351784391,0.9801955774905045,0.0,deint,0.002485513687133789,0.051097869873046875,7,5,1.403314956515886,0.3856928464232116,-0.03067621961236
809,1922,0.7789066988753135,0.812003648528818,0.7185,1.0,0.6395494221987893,0.7801526608952033,0.0,mode,0.002485513687133789,0.05400395393371582,11,4,1.6921797502827833,0.4797398699349675,0.37961524724960327
809,1922,0.9830304344656775,0.9965488842794645,0.9835,1.0,0.9667193670467855,0.9830780977139669,0.0,deint,0.002485513687133789,0.05400395393371582,5,4,1.1194899147164954,0.2511255627813907,0.4738495945930481
810,1922,0.6228206391268449,0.3591710008757246,0.531,0.9999999999999999,0.45383340439144215,0.6243265604168884,0.0,mode,0.002485513687133789,0.05803942680358887,8,4,1.8269528126882222,0.7183591795897949,0.3420548737049103
810,1922,1.0,1.0,1.0,1.0000000000000002,1.0,1.0000000000000002,0.0,deint,0.002485513687133789,0.05803942680358887,4,4,0.8291322146078834,0.16058029014507252,0.36408770084381104
811,1923,0.8890396965855911,0.9637564500347446,0.954,1.0000000000000002,0.8007928663554985,0.8893780970780593,0.0,mode,0.002485513687133789,0.06323385238647461,5,3,0.7227679094109316,0.09654827413706854,0.7869338393211365
811,1923,1.0,1.0,1.0,1.0,1.0,1.0,0.0,deint,0.002485513687133789,0.06323385238647461,3,3,0.5787873859873477,0.030515257628814407,0.9197703003883362
812,1923,0.8641723707237168,0.9816347745143559,0.953,1.0,0.7613070776229625,0.8644796666012525,0.0,mode,0.0025129318237304688,0.06701946258544922,4,2,0.3943455554163582,0.07953976988494248,0.9434757232666016
812,1923,1.0,1.0,1.0,1.0,1.0,1.0,0.0,deint,0.0025129318237304688,0.06701946258544922,2,2,0.30021806247215455,0.014507253626813406,0.9800234436988831
813,1923,0.8522788357376809,0.9714564544999675,0.937,0.9999999999999997,0.7429688790260767,0.8525325815814077,0.0,mode,0.0025129318237304688,0.06972384452819824,4,2,0.5110291779871968,0.1040520260130065,0.9217166900634766
813,1923,1.0,1.0,1.0,1.0,1.0,1.0,0.0,deint,0.0025129318237304688,0.06972384452819824,2,2,0.37967877561595265,0.013006503251625813,0.9691978693008423
814,1923,0.9194545202675284,0.9986319165822586,0.996,1.0,0.8515116494138285,0.9198015574824056,0.0,mode,0.0025129318237304688,0.07118010520935059,4,2,0.06030939677670868,0.014007003501750876,0.9935687184333801
814,1923,1.0,1.0,1.0,1.0,1.0,1.0,0.0,deint,0.0025129318237304688,0.07118010520935059,2,2,0.05135415406509297,0.010005002501250625,0.9964297413825989
815,1923,0.911999645597447,0.9980597029102616,0.994,1.0,0.8389663930510615,0.9124325449570805,0.0,mode,0.0025129318237304688,0.06943988800048828,4,2,0.07747854265986667,0.018009004502251125,0.9908608794212341
815,1923,1.0,1.0,1.0,1.0,1.0,1.0,0.0,deint,0.0025129318237304688,0.06943988800048828,2,2,0.06500189360978766,0.01200600300150075,0.9955117702484131
816,1924,0.9640349460544606,0.9755927004445275,0.931,0.9999999999999999,0.9308111712339386,0.9641659268410777,0.0,mode,0.002483665943145752,0.05189824104309082,6,5,1.4408129107382148,0.4777388694347174,0.41911226511001587
816,1924,1.0,1.0,1.0,0.9999999999999999,1.0,0.9999999999999999,0.0,deint,0.002483665943145752,0.05189824104309082,5,5,1.3411247530317048,0.447223611805903,0.36509114503860474
817,1924,0.5809599728798264,0.3327227008024149,0.555,1.000000000000001,0.4103632239416391,0.5819255876436836,0.0,mode,0.002483665943145752,0.06296801567077637,6,3,1.5801206352872634,0.8034017008504252,0.3116476535797119
817,1924,1.0,1.0,1.0,1.0,1.0,1.0,0.0,deint,0.002483665943145752,0.06296801567077637,3,3,0.6484233980594097,0.2766383191595798,0.30148619413375854
818,1924,0.8404494426709627,0.8130874388359058,0.806,0.9999999999999998,0.7252959625297468,0.8407786006364593,0.0,mode,0.002483665943145752,0.05433034896850586,6,3,1.4189996866859114,0.5227613806903452,0.4529901444911957
818,1924,1.0,1.0,1.0,1.0,1.0,1.0,0.0,deint,0.002483665943145752,0.05433034896850586,3,3,1.0291947437194446,0.32116058029014505,0.4798787236213684
819,1924,0.9315609853036471,0.9011320974260032,0.8695,1.0000000000000002,0.8721468851154046,0.9317077543962509,0.0,mode,0.002483665943145752,0.04657459259033203,5,4,1.5006088253656413,0.575287643821911,0.4637027382850647
819,1924,1.0,1.0,1.0,1.0,1.0,1.0,0.0,deint,0.002483665943145752,0.04657459259033203,4,4,1.3087513128554031,0.4867433716858429,0.3562615215778351
820,1924,0.8969358146060143,0.9507658690882996,0.8935,1.0000000000000002,0.8134905281582163,0.8971544273621309,0.0,mode,0.002493917942047119,0.06133866310119629,4,3,0.8080713282977829,0.3706853426713357,0.4656379818916321
820,1924,1.0,1.0,1.0,1.0000000000000002,1.0,1.0000000000000002,0.0,deint,0.002493917942047119,0.06133866310119629,3,3,0.657358371671871,0.2861430715357679,0.3852696418762207
821,1925,0.7640883787887739,0.655976743211432,0.7095,0.9999999999999993,0.6196080999338215,0.7651333677068409,0.0,mode,0.002493917942047119,0.050940752029418945,9,4,1.748372379465409,0.6723361680840421,0.035581063479185104
821,1925,0.9999999999999998,1.0,1.0,0.9999999999999998,1.0,0.9999999999999999,0.0,deint,0.002493917942047119,0.050940752029418945,4,4,1.083305688174984,0.3951975987993997,0.5470678210258484
822,1925,0.711529185259257,0.5654473717556624,0.603,0.9999999999999998,0.5541620079434024,0.7131328717483142,0.0,mode,0.002493917942047119,0.05495190620422363,12,4,1.8351882844164844,0.751375687843922,-0.01849103532731533
822,1925,1.0,1.0,1.0,1.0,1.0,1.0,0.0,deint,0.002493917942047119,0.05495190620422363,4,4,1.0169916249114415,0.3551775887943972,0.4920822083950043
823,1925,0.7722873815765874,0.6974410365018086,0.64,1.0000000000000004,0.630616829464149,0.7734702820053458,0.0,mode,0.002493917942047119,0.054349660873413086,11,4,1.8186015804974478,0.6983491745872936,0.22939720749855042
823,1925,1.0,1.0,1.0,1.0,1.0,1.0,0.0,deint,0.002493917942047119,0.054349660873413086,4,4,1.146840763045469,0.4977488744372186,0.30791014432907104
824,1925,0.8350885067455827,0.8947046043288225,0.805,0.9999999999999998,0.718050627865093,0.8358899513425476,0.0,mode,0.0025175809860229492,0.05084729194641113,10,4,1.5089819616220848,0.6673336668334167,0.3653244078159332
824,1925,1.0,1.0,1.0,1.0,1.0,1.0,0.0,deint,0.0025175809860229492,0.05084729194641113,4,4,1.0835254452978884,0.51975987993997,0.4339405298233032
825,1925,0.6160313840368485,0.28384388793677523,0.4695,1.0000000000000002,0.44760050168958815,0.6184033525370636,0.0,mode,0.0025175809860229492,0.05781054496765137,10,5,2.1054055579552564,0.7148574287143572,0.2849891185760498
825,1925,0.9999999999999999,1.0,1.0,0.9999999999999999,1.0,0.9999999999999999,0.0,deint,0.0025175809860229492,0.05781054496765137,4,4,0.861391504886571,0.13206603301650827,0.4012967348098755
826,1926,0.9092029347878532,0.9856283764384542,0.9685,1.0,0.8342761053101424,0.9096516090407029,0.0,mode,0.0025175809860229492,0.06720662117004395,6,3,0.6023253000571722,0.11305652826413207,0.6717160940170288
826,1926,0.9357895191890383,0.9896370348162861,0.9785,1.0,0.8797847599775596,0.9360484016138766,0.0,deint,0.0025175809860229492,0.06720662117004395,5,3,0.5711687998948186,0.11305652826413207,0.6605270504951477
827,1926,0.9999999999999999,1.0,1.0,0.9999999999999999,1.0,0.9999999999999999,0.0,mode,0.0025175809860229492,0.060706138610839844,3,3,0.7903732706356696,0.04702351175587794,0.5895262360572815
827,1926,1.0,1.0,1.0,1.0,1.0,1.0,0.0,deint,0.0025175809860229492,0.060706138610839844,2,2,0.23243549474150266,0.04702351175587794,0.7917741537094116
828,1926,1.0,1.0,1.0,1.0,1.0,1.0,0.0,mode,0.0024831295013427734,0.0759744644165039,2,2,0.031479065747166746,0.010005002501250625,0.9476805329322815
828,1926,1.0,1.0,1.0,1.0,1.0,1.0,0.0,deint,0.0024831295013427734,0.0759744644165039,2,2,0.031479065747166746,0.010005002501250625,0.9476805329322815
829,1926,1.0,1.0,1.0,1.0,1.0,1.0,0.0,mode,0.0024831295013427734,0.07266592979431152,1,1,-1.000000082690371e-10,0.0,0.0
829,1926,1.0,1.0,1.0,1.0,1.0,1.0,0.0,deint,0.0024831295013427734,0.07266592979431152,1,1,-1.000000082690371e-10,0.0,0.0
830,1926,1.0,1.0,1.0,1.0,1.0,1.0,0.0,mode,0.0024831295013427734,0.07084155082702637,1,1,-1.000000082690371e-10,0.0,0.0
830,1926,1.0,1.0,1.0,1.0,1.0,1.0,0.0,deint,0.0024831295013427734,0.07084155082702637,1,1,-1.000000082690371e-10,0.0,0.0
831,1927,1.0,1.0,1.0,1.0,1.0,1.0,0.0,mode,0.0024831295013427734,0.07278156280517578,1,1,-1.000000082690371e-10,0.0,0.0
831,1927,1.0,1.0,1.0,1.0,1.0,1.0,0.0,deint,0.0024831295013427734,0.07278156280517578,1,1,-1.000000082690371e-10,0.0,0.0
832,1927,1.0,1.0,1.0,1.0,1.0,1.0,0.0,mode,0.0025565624237060547,0.07264852523803711,1,1,-1.000000082690371e-10,0.0,0.0
832,1927,1.0,1.0,1.0,1.0,1.0,1.0,0.0,deint,0.0025565624237060547,0.07264852523803711,1,1,-1.000000082690371e-10,0.0,0.0
833,1927,1.0,1.0,1.0,1.0,1.0,1.0,0.0,mode,0.0025565624237060547,0.07112002372741699,1,1,-1.000000082690371e-10,0.0,0.0
833,1927,1.0,1.0,1.0,1.0,1.0,1.0,0.0,deint,0.0025565624237060547,0.07112002372741699,1,1,-1.000000082690371e-10,0.0,0.0
834,1927,1.0,1.0,1.0,1.0,1.0,1.0,0.0,mode,0.0025565624237060547,0.07488298416137695,1,1,-1.000000082690371e-10,0.0,0.0
834,1927,1.0,1.0,1.0,1.0,1.0,1.0,0.0,deint,0.0025565624237060547,0.07488298416137695,1,1,-1.000000082690371e-10,0.0,0.0
835,1927,1.0,1.0,1.0,1.0,1.0,1.0,0.0,mode,0.0025565624237060547,0.07197260856628418,1,1,-1.000000082690371e-10,0.0,0.0
835,1927,1.0,1.0,1.0,1.0,1.0,1.0,0.0,deint,0.0025565624237060547,0.07197260856628418,1,1,-1.000000082690371e-10,0.0,0.0
836,1928,0.5442098414360508,0.24762798438361386,0.485,0.999999999999999,0.37582310349586184,0.5463247455881848,0.0,mode,0.0022783875465393066,0.06735897064208984,7,4,1.5097905049226767,0.7978989494747374,0.08078161627054214
836,1928,1.0,1.0,1.0,1.0,1.0,1.0,0.0,deint,0.0022783875465393066,0.06735897064208984,4,4,0.5674141530517014,0.1775887943971986,0.6558347940444946
837,1928,0.35505994162228144,0.12612813258563377,0.3745,1.000000000000001,0.2174128895956499,0.35717198569806696,0.0,mode,0.0022783875465393066,0.06369185447692871,7,3,1.3543965534668554,0.8939469734867433,0.1629399061203003
837,1928,1.0,1.0,1.0,1.0,1.0,1.0,0.0,deint,0.0022783875465393066,0.06369185447692871,3,3,0.29446326819980695,0.12356178089044523,0.5258373618125916
838,1928,0.5574360599791208,0.3206947686703719,0.612,1.0000000000000004,0.3876572440083315,0.5587218971863114,0.0,mode,0.0022783875465393066,0.06979894638061523,6,3,1.2799110786748462,0.6618309154577289,0.3302430510520935
838,1928,1.0,1.0,1.0,1.0,1.0,1.0,0.0,deint,0.0022783875465393066,0.06979894638061523,3,3,0.4961668012674162,0.19809904952476237,0.21095959842205048
839,1928,0.6004231938195396,0.3521339388234336,0.543,1.0000000000000007,0.42996490942540005,0.6013642804677942,0.0,mode,0.0022783875465393066,0.057244300842285156,6,3,1.5103158864741175,0.7128564282141071,0.15265026688575745
839,1928,1.0,1.0,1.0,1.0,1.0,1.0,0.0,deint,0.0022783875465393066,0.057244300842285156,3,3,0.6493828332895648,0.22911455727863933,0.5388485789299011
840,1928,0.9413600655782395,0.9487095054304516,0.8955,1.0,0.8896392469677628,0.9415969195129021,0.0,mode,0.002499222755432129,0.05602073669433594,6,5,1.3586028256298477,0.5567783891945973,0.3203568458557129
840,1928,1.0,1.0,1.0,1.0000000000000002,1.0,1.0000000000000002,0.0,deint,0.002499222755432129,0.05602073669433594,4,4,0.7961409866105389,0.2111055527763882,0.6175300478935242
841,1929,0.6941448842393043,0.3918409606183633,0.523,0.9999999999999996,0.5336625373504909,0.6959321550260074,0.0,mode,0.002499222755432129,0.05286455154418945,10,5,2.1030116708211217,0.7248624312156078,0.23940691351890564
841,1929,1.0,1.0,1.0,1.0,1.0,1.0,0.0,deint,0.002499222755432129,0.05286455154418945,5,5,1.1222985443617586,0.28414207103551775,0.38040420413017273
842,1929,0.9292579892342476,0.9826515140125003,0.9215,1.0,0.8687346385513091,0.9297570887055151,0.0,mode,0.002499222755432129,0.057822465896606445,9,5,1.2249728190330997,0.7338669334667334,0.08974282443523407
842,1929,1.0,1.0,1.0,1.0,1.0,1.0,0.0,deint,0.002499222755432129,0.057822465896606445,4,4,0.4655639449293617,0.12606303151575787,0.8546101450920105
843,1929,0.8715207255909433,0.792394752431489,0.7775,1.0,0.7735960947483678,0.8723475395993394,0.0,mode,0.002499222755432129,0.050107717514038086,10,6,2.0279091222651116,0.6188094047023511,0.4508189558982849
843,1929,1.0,1.0,1.0,1.0,1.0,1.0,0.0,deint,0.002499222755432129,0.050107717514038086,4,4,0.899925955293984,0.20060030015007504,0.451631098985672
844,1929,0.8945071991129765,0.996238477226541,0.9825,0.9999999999999998,0.8110980689709703,0.8956975691899663,0.2,mode,0.0024812817573547363,0.07137012481689453,8,4,0.19138035711024207,0.04452226113056528,0.9529162049293518
844,1929,1.0,1.0,1.0,1.0,1.0,1.0,0.2,deint,0.0024812817573547363,0.07137012481689453,4,4,0.15522823833997057,0.031015507753876938,0.9624758958816528
845,1929,0.8996062761741513,0.9956187532652616,0.9785,1.0000000000000002,0.8196624209035259,0.900895035790798,0.0,mode,0.0024812817573547363,0.06884026527404785,8,4,0.24700324959762066,0.058029014507253625,0.9392659664154053
845,1929,1.0,1.0,1.0,1.0,1.0,1.0,0.0,deint,0.0024812817573547363,0.06884026527404785,4,4,0.20245928179195355,0.04102051025512756,0.9519504308700562
846,1930,0.9419382352648481,0.9983923682401321,0.979,1.0,0.8920497052269302,0.9429453177287842,0.0,mode,0.0024812817573547363,0.0694127082824707,10,5,0.33897083223531416,0.09504752376188094,0.8991647958755493
846,1930,1.0,1.0,1.0,1.0,1.0,1.0,0.0,deint,0.0024812817573547363,0.0694127082824707,5,5,0.30237883136808896,0.08204102051025512,0.9482364654541016
847,1930,0.9428818443433483,0.998054778620441,0.974,1.0,0.8936244274346832,0.9438243555458222,0.0,mode,0.0024812817573547363,0.06863808631896973,10,5,0.4366924385897338,0.14107053526763383,0.9014824032783508
847,1930,1.0,1.0,1.0,1.0,1.0,1.0,0.0,deint,0.0024812817573547363,0.06863808631896973,5,5,0.3902390307934309,0.12606303151575787,0.9397082328796387
848,1930,0.9377066338140209,0.9982692643230668,0.982,0.9999999999999999,0.8845665709334666,0.9387480225708573,0.0,mode,0.00250244140625,0.06854772567749023,10,5,0.27515822816117985,0.07103551775887944,0.9078980088233948
848,1930,1.0,1.0,1.0,1.0,1.0,1.0,0.0,deint,0.00250244140625,0.06854772567749023,5,5,0.24339577073322982,0.05952976488244122,0.9564759731292725
849,1930,0.9091936561870428,0.9972276143236846,0.9805,1.0,0.8355770408181394,0.9104243758090507,0.0,mode,0.00250244140625,0.06825685501098633,9,4,0.2245673320218661,0.04852426213106553,0.8468009233474731
849,1930,1.0,1.0,1.0,1.0,1.0,1.0,0.0,deint,0.00250244140625,0.06825685501098633,4,4,0.1876433071072748,0.03501750875437719,0.9465674757957458
850,1930,0.9145807884118892,0.9979745926792888,0.984,1.0,0.8444687507448986,0.9156769399360714,0.0,mode,0.00250244140625,0.06896042823791504,9,4,0.19021328119656397,0.04052026013006503,0.8772077560424805
850,1930,1.0,1.0,1.0,0.9999999999999998,1.0,0.9999999999999999,0.0,deint,0.00250244140625,0.06896042823791504,4,4,0.16062917230717244,0.030015007503751877,0.9585525989532471
851,1931,0.47595633540163107,0.2262264191713072,0.4115,1.0000000000000007,0.31281347639703877,0.47655433467295333,0.0,mode,0.00250244140625,0.0645742416381836,6,2,1.676286309783034,0.8599299649824912,0.13525085151195526
851,1931,1.0,1.0,1.0,1.0,1.0,1.0,0.0,deint,0.00250244140625,0.0645742416381836,2,2,0.5243649479876824,0.18109054527263632,0.38645222783088684
852,1931,0.5715418311036582,0.28354410966766375,0.398,1.0000000000000002,0.4011994052937331,0.5726514067562423,0.0,mode,0.0025148987770080566,0.06042003631591797,8,3,1.9571479582204385,0.8204102051025512,0.08768255263566971
852,1931,1.0,1.0,1.0,1.0,1.0,1.0,0.0,deint,0.0025148987770080566,0.06042003631591797,3,3,0.7852065969308435,0.22161080540270134,0.2430916130542755
853,1931,0.6058619156496918,0.33536985069119957,0.4105,0.9999999999999998,0.435502396483114,0.6067595533801491,0.0,mode,0.0025148987770080566,0.05775809288024902,7,3,1.8603562969811882,0.7763881940970485,0.11566067487001419
853,1931,1.0,1.0,1.0,1.0,1.0,1.0,0.0,deint,0.0025148987770080566,0.05775809288024902,3,3,0.8101896256526114,0.20860430215107553,0.3012094795703888
854,1931,0.7575425838612485,0.6688211631226519,0.6235,1.0000000000000002,0.6103860283073841,0.7580617536143651,0.0,mode,0.0025148987770080566,0.05166268348693848,7,3,1.7470161538438298,0.6233116558279139,0.15059655904769897
854,1931,1.0,1.0,1.0,1.0,1.0,1.0,0.0,deint,0.0025148987770080566,0.05166268348693848,3,3,1.066354251660847,0.31265632816408206,0.2575618624687195
855,1931,0.5030295890877916,0.23841659234328813,0.347,1.0000000000000009,0.33743610255420603,0.5046014563384046,0.0,mode,0.0025148987770080566,0.06148195266723633,9,3,1.9041565697335776,0.8499249624812406,0.08492741733789444
855,1931,1.0,1.0,1.0,1.0,1.0,1.0,0.0,deint,0.0025148987770080566,0.06148195266723633,3,3,0.6425311715475764,0.1950975487743872,0.2615102529525757
856,1932,0.7382729066116931,0.5145048671539804,0.5285,1.0000000000000002,0.5863384601251668,0.7392350054715348,0.0,mode,0.0024898648262023926,0.05167269706726074,8,4,1.8200090455011688,0.583791895947974,0.3970341682434082
856,1932,1.0,1.0,1.0,1.0,1.0,1.0,0.0,deint,0.0024898648262023926,0.05167269706726074,4,4,1.0671413012221005,0.2511255627813907,0.4334293603897095
857,1932,0.27649741402800754,0.1737570600966586,0.887,1.0000000000000002,0.1617463230053144,0.27845377222609813,0.0,mode,0.0024898648262023926,0.0688772201538086,5,2,0.4154461074185685,0.2306153076538269,0.9346027374267578
857,1932,1.0,1.0,1.0,1.0,1.0,1.0,0.0,deint,0.0024898648262023926,0.0688772201538086,2,2,0.06719688016269784,0.017008504252126064,0.9527012705802917
858,1932,0.3900636655887395,0.27425863111447685,0.9005,0.999999999999991,0.24476228135667044,0.3932675098250934,0.0,mode,0.0024898648262023926,0.0705254077911377,6,3,0.41839959577181074,0.2046023011505753,0.9356675148010254
858,1932,1.0,1.0,1.0,1.0,1.0,1.0,0.0,deint,0.0024898648262023926,0.0705254077911377,3,3,0.10240843942667505,0.0240120060030015,0.7288764715194702
859,1932,0.9780840295083771,0.9994940380995749,0.991,1.0,0.9573709427283275,0.9782212679563675,0.1,mode,0.0024898648262023926,0.06967926025390625,6,4,0.3831541359338167,0.18859429714857429,0.9688155651092529
859,1932,1.0,1.0,1.0,0.9999999999999999,1.0,0.9999999999999999,0.1,deint,0.0024898648262023926,0.06967926025390625,3,3,0.08577464296618653,0.022011005502751375,0.7725528478622437
860,1932,0.35592522208477145,0.2341915909225163,0.8965,0.9999999999999917,0.21883626314382512,0.35909050257393216,0.0,mode,0.002479076385498047,0.07186007499694824,6,3,0.4199895077078369,0.21660830415207605,0.9620885252952576
860,1932,1.0,1.0,1.0,1.0,1.0,1.0,0.0,deint,0.002479076385498047,0.07186007499694824,3,3,0.09190893425770011,0.022011005502751375,0.7523285150527954
861,1933,0.7929636001525838,0.8625582013674173,0.7715,0.9999999999999999,0.6584843135701359,0.7940796402863164,0.0,mode,0.002479076385498047,0.056185007095336914,9,4,1.3760452060837935,0.32416208104052024,0.6692269444465637
861,1933,1.0000000000000002,1.0,1.0,1.0000000000000002,1.0,1.0000000000000002,0.0,deint,0.002479076385498047,0.056185007095336914,3,3,0.6598713877639621,0.06753376688344172,0.6239065527915955
862,1933,0.8975862957681298,0.9966000585834802,0.984,1.0000000000000002,0.8160531257596341,0.8987106315166727,0.1,mode,0.002479076385498047,0.0734715461730957,8,4,0.18475564960655988,0.048024012006003,0.6696805357933044
862,1933,1.0,1.0,1.0,0.9999999999999999,1.0,0.9999999999999999,0.1,deint,0.002479076385498047,0.0734715461730957,3,3,0.11170631028408261,0.025512756378189096,0.912591814994812
863,1933,0.9074942341188877,0.9966592861829727,0.9825,1.0,0.8325832139801016,0.9086443743767063,0.0,mode,0.002479076385498047,0.07261490821838379,8,4,0.2223809564651346,0.061530765382691345,0.8634395599365234
863,1933,1.0,1.0,1.0,1.0,1.0,1.0,0.0,deint,0.002479076385498047,0.07261490821838379,3,3,0.1317158994643754,0.032016008004002,0.9324995279312134
864,1933,0.9040233090905916,0.9962489470701145,0.9805,1.0000000000000002,0.8268785274485517,0.905236462112655,0.0,mode,0.0025225281715393066,0.07086992263793945,8,4,0.23342894785266097,0.06253126563281641,0.9209244847297668
864,1933,1.0,1.0,1.0,0.9999999999999998,1.0,0.9999999999999999,0.0,deint,0.0025225281715393066,0.07086992263793945,3,3,0.14192930705133508,0.03151575787893947,0.9542139172554016
865,1933,0.9161610877025613,0.9970236155760571,0.9835,1.0000000000000002,0.847088404148337,0.9172147930178968,0.0,mode,0.0025225281715393066,0.07275009155273438,8,4,0.22125885024903125,0.06253126563281641,0.9527661204338074
865,1933,1.0,1.0,1.0,1.0,1.0,1.0,0.0,deint,0.0025225281715393066,0.07275009155273438,3,3,0.1363191239724275,0.03501750875437719,0.9700120687484741
866,1934,0.7886627846607728,0.6680520925041922,0.6585,0.9999999999999998,0.6534630042331304,0.7904174481801652,0.0,mode,0.0025225281715393066,0.05022621154785156,14,5,1.9845950357423585,0.7158579289644822,0.35594111680984497
866,1934,0.9912729961568776,0.9986802103920405,0.9885,1.0000000000000002,0.9827652555134697,0.9913077231716636,0.0,deint,0.0025225281715393066,0.05022621154785156,6,5,1.3196024455402344,0.38969484742371185,0.45311298966407776
867,1934,0.913372780852218,0.9487122345599293,0.883,1.0,0.8415551190385133,0.9139613692126621,0.1,mode,0.0025225281715393066,0.05341148376464844,9,6,1.4731594007055313,0.639319659829915,0.36291199922561646
867,1934,1.0,1.0,1.0,1.0,1.0,1.0,0.1,deint,0.0025225281715393066,0.05341148376464844,5,5,1.1487023615139225,0.5462731365682841,0.3729040324687958
868,1934,0.9700339698233751,0.9991301346174705,0.99,0.9999999999999998,0.9425471595696623,0.9704239662098779,0.0,mode,0.002505660057067871,0.07008743286132812,8,5,0.33517528908525124,0.12056028014007003,0.8085070848464966
868,1934,1.0,1.0,1.0,1.0,1.0,1.0,0.0,deint,0.002505660057067871,0.07008743286132812,4,4,0.2650902333723436,0.0945472736368184,0.9273102879524231
869,1934,0.9268903533170477,0.9976316125778475,0.988,1.0,0.8651461616316664,0.9276979782376085,0.0,mode,0.002505660057067871,0.07075762748718262,7,4,0.17811482036025134,0.04302151075537769,0.33839887380599976
869,1934,1.0,1.0,1.0,1.0,1.0,1.0,0.0,deint,0.002505660057067871,0.07075762748718262,3,3,0.12012230158769638,0.022011005502751375,0.9308640956878662
870,1934,0.9164480615177708,0.9976994440244988,0.9895,1.0,0.8470928967347255,0.9172174266191039,0.1,mode,0.002505660057067871,0.07012319564819336,7,4,0.13686126255854095,0.030515257628814407,0.9248836040496826
870,1934,1.0,1.0,1.0,1.0,1.0,1.0,0.1,deint,0.002505660057067871,0.07012319564819336,4,4,0.11593420354445134,0.02301150575287644,0.9260779619216919
871,1935,1.0,1.0,1.0,1.0,1.0,1.0,0.0,mode,0.002505660057067871,0.07289934158325195,1,1,-1.000000082690371e-10,0.0,0.0
871,1935,1.0,1.0,1.0,1.0,1.0,1.0,0.0,deint,0.002505660057067871,0.07289934158325195,1,1,-1.000000082690371e-10,0.0,0.0
872,1935,1.0,1.0,1.0,1.0,1.0,1.0,0.0,mode,0.0024853944778442383,0.0691976547241211,1,1,-1.000000082690371e-10,0.0,0.0
872,1935,1.0,1.0,1.0,1.0,1.0,1.0,0.0,deint,0.0024853944778442383,0.0691976547241211,1,1,-1.000000082690371e-10,0.0,0.0
873,1935,1.0,1.0,1.0,1.0,1.0,1.0,0.0,mode,0.0024853944778442383,0.06543374061584473,1,1,-1.000000082690371e-10,0.0,0.0
873,1935,1.0,1.0,1.0,1.0,1.0,1.0,0.0,deint,0.0024853944778442383,0.06543374061584473,1,1,-1.000000082690371e-10,0.0,0.0
874,1936,1.0,1.0,1.0,1.0,1.0,1.0,0.0,mode,0.0024853944778442383,0.06276392936706543,3,3,0.7767994721235933,0.26263131565782893,0.47561633586883545
874,1936,1.0,1.0,1.0,1.0,1.0,1.0,0.0,deint,0.0024853944778442383,0.06276392936706543,3,3,0.7767994721235933,0.26263131565782893,0.47561633586883545
875,1936,1.0,1.0,1.0,1.0,1.0,1.0,0.0,mode,0.0024853944778442383,0.05196714401245117,4,4,1.004263185631446,0.32866433216608304,0.31366270780563354
875,1936,1.0,1.0,1.0,1.0,1.0,1.0,0.0,deint,0.0024853944778442383,0.05196714401245117,4,4,1.004263185631446,0.32866433216608304,0.31366270780563354
876,1936,1.0,1.0,1.0,1.0,1.0,1.0,0.0,mode,0.0024768710136413574,0.0635073184967041,3,3,0.5129114741758062,0.21310655327663833,0.3157319724559784
876,1936,1.0,1.0,1.0,1.0,1.0,1.0,0.0,deint,0.0024768710136413574,0.0635073184967041,3,3,0.5129114741758062,0.21310655327663833,0.3157319724559784
877,1936,1.0,1.0,1.0,1.0,1.0,1.0,0.0,mode,0.0024768710136413574,0.051522254943847656,3,3,0.8876725546988549,0.1345672836418209,0.570985734462738
877,1936,1.0,1.0,1.0,1.0,1.0,1.0,0.0,deint,0.0024768710136413574,0.051522254943847656,3,3,0.887672554698855,0.1345672836418209,0.570985734462738
878,1936,1.0,1.0,1.0,1.0,1.0,1.0,0.0,mode,0.0024768710136413574,0.049614667892456055,2,2,0.30828406789303914,0.16908454227113556,0.6346749067306519
878,1936,1.0,1.0,1.0,1.0,1.0,1.0,0.0,deint,0.0024768710136413574,0.049614667892456055,2,2,0.30828406789303914,0.16908454227113556,0.6346749067306519
879,1937,1.0,1.0,1.0,1.0,1.0,1.0,0.0,mode,0.0024768710136413574,0.07344269752502441,1,1,-1.000000082690371e-10,0.0,0.0
879,1937,1.0,1.0,1.0,1.0,1.0,1.0,0.0,deint,0.0024768710136413574,0.07344269752502441,1,1,-1.000000082690371e-10,0.0,0.0
880,1937,1.0,1.0,1.0,1.0,1.0,1.0,0.0,mode,0.002497434616088867,0.07293534278869629,1,1,-1.000000082690371e-10,0.0,0.0
880,1937,1.0,1.0,1.0,1.0,1.0,1.0,0.0,deint,0.002497434616088867,0.07293534278869629,1,1,-1.000000082690371e-10,0.0,0.0
881,1937,1.0,1.0,1.0,1.0,1.0,1.0,0.0,mode,0.002497434616088867,0.07069849967956543,1,1,-1.000000082690371e-10,0.0,0.0
881,1937,1.0,1.0,1.0,1.0,1.0,1.0,0.0,deint,0.002497434616088867,0.07069849967956543,1,1,-1.000000082690371e-10,0.0,0.0
882,1937,1.0,1.0,1.0,1.0,1.0,1.0,0.0,mode,0.002497434616088867,0.07087206840515137,1,1,-1.000000082690371e-10,0.0,0.0
882,1937,1.0,1.0,1.0,1.0,1.0,1.0,0.0,deint,0.002497434616088867,0.07087206840515137,1,1,-1.000000082690371e-10,0.0,0.0
883,1937,1.0,1.0,1.0,1.0,1.0,1.0,0.0,mode,0.002497434616088867,0.07056856155395508,1,1,-1.000000082690371e-10,0.0,0.0
883,1937,1.0,1.0,1.0,1.0,1.0,1.0,0.0,deint,0.002497434616088867,0.07056856155395508,1,1,-1.000000082690371e-10,0.0,0.0
884,1938,1.0,1.0,1.0,1.0000000000000002,1.0,1.0000000000000002,0.0,mode,0.00226747989654541,0.05067586898803711,4,4,1.0750166042735425,0.08104052026013006,0.3048258125782013
884,1938,1.0,1.0,1.0,1.0,1.0,1.0,0.0,deint,0.00226747989654541,0.05067586898803711,4,4,1.0750166042735427,0.08104052026013006,0.3048258125782013
885,1938,1.0,1.0,1.0,1.0,1.0,1.0,0.0,mode,0.00226747989654541,0.08307600021362305,2,2,0.036677938550134126,0.006003001500750375,0.979663074016571
885,1938,1.0,1.0,1.0,1.0,1.0,1.0,0.0,deint,0.00226747989654541,0.08307600021362305,2,2,0.036677938550134126,0.006003001500750375,0.979663074016571
886,1938,1.0,1.0,1.0,1.0,1.0,1.0,0.0,mode,0.00226747989654541,0.06095695495605469,2,2,0.036677938550134126,0.006003001500750375,0.9747509360313416
886,1938,1.0,1.0,1.0,1.0,1.0,1.0,0.0,deint,0.00226747989654541,0.06095695495605469,2,2,0.036677938550134126,0.006003001500750375,0.9747509360313416
887,1938,1.0,1.0,1.0,1.0,1.0,1.0,0.0,mode,0.00226747989654541,0.08060288429260254,2,2,0.04170835834189347,0.007003501750875438,0.9818521738052368
887,1938,1.0,1.0,1.0,1.0,1.0,1.0,0.0,deint,0.00226747989654541,0.08060288429260254,2,2,0.04170835834189347,0.007003501750875438,0.9818521738052368
888,1938,1.0,1.0,1.0,1.0,1.0,1.0,0.0,mode,0.002474665641784668,0.06551265716552734,2,2,0.036677938550134126,0.006003001500750375,0.9837169051170349
888,1938,1.0,1.0,1.0,1.0,1.0,1.0,0.0,deint,0.002474665641784668,0.06551265716552734,2,2,0.036677938550134126,0.006003001500750375,0.9837169051170349
889,1939,0.892903647136375,0.9269699090768542,0.846,0.9999999999999998,0.8071247739136043,0.8932695578796724,0.0,mode,0.002474665641784668,0.05552268028259277,7,4,1.4804769179512165,0.5012506253126563,0.36656615138053894
889,1939,1.0,1.0,1.0,1.0,1.0,1.0,0.0,deint,0.002474665641784668,0.05552268028259277,4,4,1.1949295978506727,0.3891945972986493,0.4083668887615204
890,1939,0.7962159310373272,0.8460539100589188,0.7615,1.0,0.6620815627683498,0.7966896181263116,0.0,mode,0.002474665641784668,0.0618593692779541,6,3,1.3065996852321744,0.4897448724362181,0.5186983346939087
890,1939,1.0,1.0,1.0,1.0,1.0,1.0,0.0,deint,0.002474665641784668,0.0618593692779541,3,3,0.865075561608401,0.2976488244122061,0.5876263380050659
891,1939,0.682411270645465,0.34054016385320446,0.4705,1.0,0.5191927807860381,0.6835113849308909,0.0,mode,0.002474665641784668,0.04709982872009277,8,4,2.0149722631082385,0.7518759379689844,0.23174981772899628
891,1939,1.0,1.0,1.0,1.0,1.0,1.0,0.0,deint,0.002474665641784668,0.04709982872009277,4,4,1.0461590525052569,0.20260130065032517,0.4471418857574463
892,1939,0.7402778479072557,0.6314929863650014,0.645,1.0000000000000004,0.5882997543389276,0.7407918470450009,0.0,mode,0.0024166107177734375,0.05666971206665039,6,3,1.5993345997454294,0.59879939969985,0.4208245873451233
892,1939,1.0000000000000002,1.0,1.0,1.0000000000000002,1.0,1.0000000000000002,0.0,deint,0.0024166107177734375,0.05666971206665039,3,3,0.9408881521889629,0.23611805902951477,0.5210623741149902
893,1939,0.7925583486118144,0.8225354724987515,0.749,0.9999999999999998,0.6570268040144802,0.7930189209042374,0.0,mode,0.0024166107177734375,0.060169219970703125,6,3,1.3697157214535385,0.5217608804402201,0.37789660692214966
893,1939,1.0,1.0,1.0,1.0,1.0,1.0,0.0,deint,0.0024166107177734375,0.060169219970703125,3,3,0.899939942969223,0.30965482741370687,0.4573054313659668
894,1940,0.9891383328292646,0.9971914063178874,0.9945,1.0,0.9785734356641177,0.989170700490735,0.0,mode,0.0024166107177734375,0.06592369079589844,5,4,1.0670440170331064,0.29164582291145574,0.4208258092403412
894,1940,0.9891383328292643,0.9971914063178874,0.9945,0.9999999999999998,0.9785734356641177,0.9891707004907347,0.0,deint,0.0024166107177734375,0.06592369079589844,5,4,1.0670440170331061,0.29164582291145574,0.4208258092403412
895,1940,0.9022767134665316,0.9658489470527024,0.924,0.9999999999999999,0.8227218807679002,0.9027398962493314,0.0,mode,0.0024166107177734375,0.0647287368774414,6,4,0.9224189261735513,0.19609804902451225,0.7577704191207886
895,1940,1.0,1.0,1.0,1.0,1.0,1.0,0.0,deint,0.0024166107177734375,0.0647287368774414,4,4,0.7588942338910443,0.08454227113556778,0.8875792622566223
896,1940,0.9100578242431637,0.9970848013810802,0.989,1.0000000000000002,0.8359555180376328,0.9106489888503908,0.1,mode,0.0024675726890563965,0.06403350830078125,5,3,0.11727777611726192,0.025512756378189096,0.9654549956321716
896,1940,1.0,1.0,1.0,1.0,1.0,1.0,0.1,deint,0.0024675726890563965,0.06403350830078125,3,3,0.09803900420638491,0.014507253626813406,0.9782890677452087
897,1940,0.9069567896802845,0.9973423516094113,0.9905,1.0,0.8305881358226818,0.9074549534862013,0.0,mode,0.0024675726890563965,0.0704805850982666,4,2,0.0987661307169947,0.022511255627813906,0.982603907585144
897,1940,1.0,1.0,1.0,1.0,1.0,1.0,0.0,deint,0.0024675726890563965,0.0704805850982666,2,2,0.08203397652688318,0.013006503251625813,0.994282603263855
898,1940,0.9242532824442756,0.9979384949869518,0.991,1.0,0.8601216262300081,0.9248014905060322,0.0,mode,0.0024675726890563965,0.062326669692993164,5,3,0.1117989544838697,0.02301150575287644,0.9675566554069519
898,1940,1.0,1.0,1.0,1.0,1.0,1.0,0.0,deint,0.0024675726890563965,0.062326669692993164,3,3,0.0961606986715415,0.014007003501750876,0.9778136014938354
899,1941,0.5420441213576697,0.44294100208350934,0.601,0.9999999999999996,0.372614426086475,0.542926577201805,0.0,mode,0.0024675726890563965,0.0557248592376709,8,2,1.3410873528676057,0.5572786393196598,0.768580973148346
899,1941,1.0,1.0,1.0,1.0,1.0,1.0,0.0,deint,0.0024675726890563965,0.0557248592376709,2,2,0.4997084944186845,0.017508754377188594,0.8141477108001709
900,1941,0.16665248943178704,0.05053989671602544,0.4965,1.0000000000000004,0.09182261808934365,0.1682006153161224,0.0,mode,0.002488434314727783,0.07480454444885254,8,2,0.7789676342778623,0.7623811905952976,0.9288514852523804
900,1941,1.0,1.0,1.0,1.0,1.0,1.0,0.0,deint,0.002488434314727783,0.07480454444885254,2,2,0.07152684745971383,0.014007003501750876,0.9238203167915344
901,1941,0.14568629448265222,0.041674888653607564,0.4975,0.9999999999999857,0.07933574574385811,0.1470084652652383,0.0,mode,0.002488434314727783,0.06267714500427246,7,2,0.7631835609945656,0.7418709354677339,0.9396869540214539
901,1941,1.0,1.0,1.0,1.0,1.0,1.0,0.0,deint,0.002488434314727783,0.06267714500427246,2,2,0.0605477368064927,0.01200600300150075,0.934654712677002
902,1941,0.17850176747109694,0.055758606528533095,0.496,1.0000000000000056,0.0989884553206768,0.18014466820180153,0.0,mode,0.002488434314727783,0.07381176948547363,8,2,0.7867837626074914,0.7553776888444222,0.9466587901115417
902,1941,1.0,1.0,1.0,1.0,1.0,1.0,0.0,deint,0.002488434314727783,0.07381176948547363,2,2,0.07788250921109635,0.014007003501750876,0.9333075284957886
903,1941,0.1545216308444814,0.0452468571046587,0.498,1.0000000000000073,0.08454811606585996,0.15591399738455822,0.0,mode,0.002488434314727783,0.061684608459472656,7,2,0.7688154009247298,0.7633816908454227,0.9659081101417542
903,1941,1.0,1.0,1.0,1.0,1.0,1.0,0.0,deint,0.002488434314727783,0.061684608459472656,2,2,0.06500189360978766,0.01200600300150075,0.9455696940422058
904,1942,1.0,1.0,1.0,1.0,1.0,1.0,0.0,mode,0.002508223056793213,0.0734090805053711,1,1,-1.000000082690371e-10,0.0,0.0
904,1942,1.0,1.0,1.0,1.0,1.0,1.0,0.0,deint,0.002508223056793213,0.0734090805053711,1,1,-1.000000082690371e-10,0.0,0.0
905,1942,1.0,1.0,1.0,1.0,1.0,1.0,0.0,mode,0.002508223056793213,0.062232255935668945,1,1,-1.000000082690371e-10,0.0,0.0
905,1942,1.0,1.0,1.0,1.0,1.0,1.0,0.0,deint,0.002508223056793213,0.062232255935668945,1,1,-1.000000082690371e-10,0.0,0.0
906,1942,1.0,1.0,1.0,1.0,1.0,1.0,0.0,mode,0.002508223056793213,0.0727393627166748,1,1,-1.000000082690371e-10,0.0,0.0
906,1942,1.0,1.0,1.0,1.0,1.0,1.0,0.0,deint,0.002508223056793213,0.0727393627166748,1,1,-1.000000082690371e-10,0.0,0.0
907,1942,1.0,1.0,1.0,1.0,1.0,1.0,0.0,mode,0.002508223056793213,0.06247091293334961,1,1,-1.000000082690371e-10,0.0,0.0
907,1942,1.0,1.0,1.0,1.0,1.0,1.0,0.0,deint,0.002508223056793213,0.06247091293334961,1,1,-1.000000082690371e-10,0.0,0.0
908,1942,1.0,1.0,1.0,1.0,1.0,1.0,0.0,mode,0.0022626519203186035,0.07250571250915527,1,1,-1.000000082690371e-10,0.0,0.0
908,1942,1.0,1.0,1.0,1.0,1.0,1.0,0.0,deint,0.0022626519203186035,0.07250571250915527,1,1,-1.000000082690371e-10,0.0,0.0
909,1943,0.7851027774455488,0.8633975969793275,0.774,1.0000000000000002,0.6477313820729133,0.7862099236806921,0.0,mode,0.0022626519203186035,0.049730777740478516,8,4,1.3203889244909426,0.4532266133066533,0.27680346369743347
909,1943,1.0,1.0,1.0,1.0,1.0,1.0,0.0,deint,0.0022626519203186035,0.049730777740478516,4,4,0.8552573430524706,0.272136068034017,0.3454340100288391
910,1943,0.7775070436292991,0.7823454736991472,0.7165,1.0,0.6371611080999782,0.7783731301062253,0.1,mode,0.0022626519203186035,0.04392647743225098,9,4,1.6602083220811097,0.49824912456228115,0.24684926867485046
910,1943,1.0,1.0,1.0,1.0,1.0,1.0,0.1,deint,0.0022626519203186035,0.04392647743225098,4,4,1.0578201743474502,0.2991495747873937,0.40314429998397827
911,1943,0.983989632817772,0.9996113471132195,0.9885,1.0,0.9685825969011896,0.9840405969511945,0.0,mode,0.0022626519203186035,0.07038664817810059,6,3,0.7020116244861544,0.45822911455727866,0.7985632419586182
911,1943,1.0,1.0,1.0,1.0,1.0,1.0,0.0,deint,0.0022626519203186035,0.07038664817810059,2,2,0.08203397652688318,0.01900950475237619,0.9596463441848755
912,1943,0.1319176416302594,0.03625257840246258,0.499,0.9999999999999994,0.07129378264156111,0.13309847176703898,0.0,mode,0.0024812817573547363,0.05560564994812012,6,2,0.7530970086444857,0.7528764382191095,0.9115662574768066
912,1943,1.0,1.0,1.0,1.0,1.0,1.0,0.0,deint,0.0024812817573547363,0.05560564994812012,2,2,0.05369113428508642,0.011005502751375688,0.9561222195625305
913,1943,0.9908563579435437,0.9998518650201988,0.993,1.0,0.9819262069090797,0.9908806932226264,0.0,mode,0.0024812817573547363,0.061283111572265625,6,3,0.7558783259342942,0.7398699349674838,0.9311750531196594
913,1943,1.0,1.0,1.0,1.0,1.0,1.0,0.0,deint,0.0024812817573547363,0.061283111572265625,2,2,0.05600153415484735,0.011005502751375688,0.9557805061340332
914,1944,0.8589270538075117,0.9907190198862038,0.97,1.0,0.7538858305629177,0.8596749200270973,0.0,mode,0.0024812817573547363,0.06069231033325195,5,2,0.243433592947886,0.06353176588294147,0.9444043636322021
914,1944,1.0,1.0,1.0,1.0,1.0,1.0,0.0,deint,0.0024812817573547363,0.06069231033325195,2,2,0.1835211365833753,0.03701850925462731,0.9778706431388855
915,1944,0.857529812908325,0.9910374807542015,0.971,1.0,0.7517990495321437,0.8583165400539841,0.0,mode,0.0024812817573547363,0.07108831405639648,5,2,0.23591919692012558,0.061030515257628815,0.9353505969047546
915,1944,1.0,1.0,1.0,1.0,1.0,1.0,0.0,deint,0.0024812817573547363,0.07108831405639648,2,2,0.17736382818683666,0.03601800900450225,0.9705535173416138
916,1944,0.8617091599044272,0.991643227779615,0.9725,1.0,0.758214706688197,0.8624824986436191,0.0,mode,0.002476334571838379,0.06039571762084961,5,2,0.2256739173555776,0.058529264632316155,0.9551726579666138
916,1944,1.0,1.0,1.0,1.0,1.0,1.0,0.0,deint,0.002476334571838379,0.06039571762084961,2,2,0.1711092832340432,0.03501750875437719,0.9796375036239624
917,1944,0.8542570298797155,0.9891395133754591,0.9645,1.0000000000000002,0.7466664915953469,0.8549617172919676,0.0,mode,0.002476334571838379,0.06960415840148926,5,2,0.27175243642984753,0.07153576788394198,0.9232295155525208
917,1944,1.0,1.0,1.0,1.0,1.0,1.0,0.0,deint,0.002476334571838379,0.06960415840148926,2,2,0.20290843846489512,0.0400200100050025,0.9674385786056519
918,1944,0.8573265017076925,0.9913031849339187,0.9705,1.0,0.7515183637105606,0.8581335820179267,0.0,mode,0.002476334571838379,0.06097722053527832,5,2,0.22977785250770108,0.060030015007503754,0.949763834476471
918,1944,1.0,1.0,1.0,1.0,1.0,1.0,0.0,deint,0.002476334571838379,0.06097722053527832,2,2,0.17268227590927326,0.03701850925462731,0.981600821018219
919,1945,0.747608740287049,0.6827151331052083,0.6795,1.0000000000000002,0.5977246864614799,0.7482198798408448,0.0,mode,0.002476334571838379,0.05450868606567383,7,3,1.579644846101751,0.551775887943972,0.2545185685157776
919,1945,1.0,1.0,1.0,1.0000000000000002,1.0,1.0000000000000002,0.0,deint,0.002476334571838379,0.05450868606567383,3,3,0.9441927204750691,0.22961480740370185,0.3687179684638977
920,1945,0.7980709406183747,0.8699366792486227,0.7745,1.0000000000000002,0.664760313675041,0.7986258540817202,0.0,mode,0.002505660057067871,0.05711221694946289,7,3,1.3283235626096177,0.48774387193596797,0.11851999163627625
920,1945,1.0,1.0,1.0,1.0,1.0,1.0,0.0,deint,0.002505660057067871,0.05711221694946289,3,3,0.8830167883076494,0.3321660830415208,0.34801629185676575
921,1945,0.7882266275290497,0.7846975187790339,0.739,1.0,0.6510827075072824,0.7886736437210378,0.0,mode,0.002505660057067871,0.061051130294799805,6,3,1.4441569101927116,0.4947473736868434,0.4817858934402466
921,1945,1.0,1.0,1.0,1.0,1.0,1.0,0.0,deint,0.002505660057067871,0.061051130294799805,3,3,0.9402655912442716,0.23411705852926462,0.5467141270637512
922,1945,0.7553302736497759,0.6131791482015321,0.6655,1.0000000000000002,0.6074479096301442,0.7557917192724599,0.0,mode,0.002505660057067871,0.05931258201599121,6,3,1.6557397126766376,0.6573286643321661,0.15853343904018402
922,1945,1.0,1.0,1.0,1.0,1.0,1.0,0.0,deint,0.002505660057067871,0.05931258201599121,3,3,1.005775627421508,0.3366683341670835,0.25301459431648254
923,1945,0.6893523003328964,0.40303614791887815,0.5685,1.0000000000000002,0.526635875217726,0.6899299089805789,0.0,mode,0.002505660057067871,0.06627750396728516,6,3,1.7676032913076587,0.7543771885942971,0.1352451592683792
923,1945,1.0,1.0,1.0,1.0,1.0,1.0,0.0,deint,0.002505660057067871,0.06627750396728516,3,3,0.9308833063715236,0.29464732366183094,0.2317453771829605
924,1946,0.10137864873019999,0.025175545940141448,0.5085,0.9999999999999991,0.05387825085848191,0.10224758090337867,0.0,mode,0.002520442008972168,0.06992197036743164,3,2,0.7277987611399094,0.6633316658329165,0.024209124967455864
924,1946,1.0,1.0,1.0,1.0,1.0,1.0,0.0,deint,0.002520442008972168,0.06992197036743164,2,2,0.03921252404335228,0.007003501750875438,0.177620530128479
925,1946,0.0,0.0,0.511,1.0,0.0,0.0,0.0,mode,0.002520442008972168,0.06161212921142578,2,1,0.6929051608348317,0.6673336668334167,0.14736148715019226
925,1946,1.0,1.0,1.0,1.0,1.0,1.0,0.0,deint,0.002520442008972168,0.06161212921142578,1,1,-1.000000082690371e-10,0.0,0.0
926,1947,1.0,1.0,1.0,1.0,1.0,1.0,0.0,mode,0.002520442008972168,0.07054662704467773,1,1,-1.000000082690371e-10,0.0,0.0
926,1947,1.0,1.0,1.0,1.0,1.0,1.0,0.0,deint,0.002520442008972168,0.07054662704467773,1,1,-1.000000082690371e-10,0.0,0.0
927,1948,1.0000000000000002,1.0,1.0,1.0000000000000002,1.0,1.0000000000000002,0.0,mode,0.002520442008972168,0.04483151435852051,4,4,1.0933850396593618,0.09304652326163082,0.6721767783164978
927,1948,1.0,1.0,1.0,1.0,1.0,1.0,0.0,deint,0.002520442008972168,0.04483151435852051,4,4,1.093385039659362,0.09304652326163082,0.6721767783164978
928,1948,1.0,1.0,1.0,1.0,1.0,1.0,0.0,mode,0.0025177001953125,0.05971264839172363,4,4,0.8938303898688167,0.09904952476238119,0.5312718152999878
928,1948,1.0,1.0,1.0,1.0000000000000002,1.0,1.0000000000000002,0.0,deint,0.0025177001953125,0.05971264839172363,4,4,0.8938303898688167,0.09904952476238119,0.5312718152999878
929,1949,0.8081999103759817,0.6734595666386112,0.654,1.0,0.6791592716561647,0.8089277570272484,0.0,mode,0.0025177001953125,0.0527040958404541,9,4,1.9398719843290468,0.6388194097048524,0.2512024939060211
929,1949,0.9945653646344651,0.9980611226761109,0.997,0.9999999999999998,0.9892150833074231,0.9945783053913682,0.0,deint,0.0025177001953125,0.0527040958404541,5,4,1.3318458910824247,0.38669334667333666,0.19568206369876862
930,1949,0.7556695736104,0.5665724042123912,0.6345,0.9999999999999996,0.6085166848908145,0.756618430640799,0.0,mode,0.0025177001953125,0.06023073196411133,8,4,1.7241650174137342,0.4842421210605303,0.3884265124797821
930,1949,0.9844931623849608,0.9966154149875465,0.989,1.0000000000000002,0.9695476320803523,0.984538394795011,0.0,deint,0.0025177001953125,0.06023073196411133,5,4,1.0821368088457222,0.38519259629814906,0.3096388578414917
931,1949,0.9759752529417454,0.9994214720868981,0.9925,1.0,0.9536537126692383,0.9762771226905715,0.0,mode,0.0025177001953125,0.06943202018737793,7,5,0.29394684713428865,0.10455227613806903,0.9469547271728516
931,1949,1.0,1.0,1.0,1.0,1.0,1.0,0.0,deint,0.0025177001953125,0.06943202018737793,4,4,0.13950334030948067,0.03901950975487744,0.8725655674934387
932,1949,0.3791423791120487,0.21702687574386054,0.857,1.0,0.23701343618897588,0.3832026868182988,0.0,mode,0.0024908781051635742,0.06226301193237305,7,4,0.5330334356786147,0.3036518259129565,0.9412808418273926
932,1949,1.0,1.0,1.0,1.0,1.0,1.0,0.0,deint,0.0024908781051635742,0.06226301193237305,4,4,0.12633608595971307,0.032016008004002,0.6210340261459351
933,1949,0.9462397724584114,0.9983005770822634,0.99,1.0,0.8991056441008837,0.9468726996770714,0.1,mode,0.0024908781051635742,0.07175827026367188,7,5,0.1778520623057371,0.04752376188094047,0.954310417175293
933,1949,1.0,1.0,1.0,1.0,1.0,1.0,0.0,deint,0.0024908781051635742,0.07175827026367188,4,4,0.15202843750308553,0.04202101050525263,0.9551624655723572
934,1950,0.9395743132564528,0.9947551513324503,0.9665,0.973042718603173,0.9089270343055408,0.9398927173039242,0.0,mode,0.0024908781051635742,0.05440020561218262,6,4,0.7568004260622632,0.11655827913956979,0.6426762938499451
934,1950,0.9887636627226559,0.9988941625219127,0.996,1.0,0.9778279056862247,0.9887896746476117,0.0,deint,0.0024908781051635742,0.05440020561218262,4,3,0.6874870252035745,0.11655827913956979,0.6369917988777161
935,1950,1.0,1.0,1.0,1.0,1.0,1.0,0.0,mode,0.0024908781051635742,0.06481003761291504,3,3,0.7329112845926347,0.1375687843921961,0.6075721383094788
935,1950,1.0,1.0,1.0,1.0,1.0,1.0,0.0,deint,0.0024908781051635742,0.06481003761291504,3,3,0.7329112845926347,0.1375687843921961,0.6075721383094788
936,1951,1.0,1.0,1.0,1.0,1.0,1.0,0.0,mode,0.0024886131286621094,0.06979894638061523,3,3,0.6343534176810883,0.07903951975987994,0.347610741853714
936,1951,1.0,1.0,1.0,1.0,1.0,1.0,0.0,deint,0.0024886131286621094,0.06979894638061523,3,3,0.6343534176810883,0.07903951975987994,0.347610741853714
937,1951,1.0,1.0,1.0,1.0,1.0,1.0,0.0,mode,0.0024886131286621094,0.05637645721435547,3,3,1.0211982082544584,0.09354677338669334,0.49627137184143066
937,1951,1.0000000000000002,1.0,1.0,1.0000000000000002,1.0,1.0000000000000002,0.0,deint,0.0024886131286621094,0.05637645721435547,3,3,1.0211982082544582,0.09354677338669334,0.49627137184143066
938,1952,0.9109464645233573,0.967708563119659,0.9055,0.9999999999999998,0.8374220397634914,0.9115184444737391,0.0,mode,0.0024886131286621094,0.06168007850646973,8,5,1.234180970964899,0.4912456228114057,0.7455485463142395
938,1952,1.0,1.0,1.0,1.0,1.0,1.0,0.0,deint,0.0024886131286621094,0.06168007850646973,5,5,1.0335303463126497,0.416208104052026,0.6822891235351562
939,1952,0.8107688955988356,0.6816386275692955,0.712,1.0000000000000002,0.6826327001344236,0.8113864660776994,0.0,mode,0.0024886131286621094,0.05408287048339844,8,4,1.9232820878218744,0.6118059029514757,0.30254530906677246
939,1952,1.0,1.0,1.0,1.0,1.0,1.0,0.0,deint,0.0024886131286621094,0.05408287048339844,4,4,1.3128952448761235,0.40370185092546274,0.2060534656047821
940,1952,0.813822690847826,0.8875963677528493,0.829,1.0000000000000002,0.6867552909305897,0.8142915509121705,0.0,mode,0.0025179386138916016,0.06147599220275879,6,3,1.1926806283257447,0.3416708354177089,0.7403866052627563
940,1952,1.0,1.0,1.0,1.0,1.0,1.0,0.0,deint,0.0025179386138916016,0.06147599220275879,3,3,0.8190797320051788,0.176088044022011,0.6314981579780579
941,1952,0.5847884879258088,0.42790102311740164,0.483,1.0,0.4136878322789771,0.5852605120213554,0.0,mode,0.0025179386138916016,0.07017135620117188,6,2,1.5605238160340766,0.4207103551775888,0.4787510931491852
941,1952,1.0,1.0,1.0,1.0,1.0,1.0,0.0,deint,0.0025179386138916016,0.07017135620117188,2,2,0.6455697147230675,0.21160580290145073,0.7816433310508728
942,1952,0.660172283455852,0.5942028160359715,0.6715,1.0000000000000009,0.49309167948305005,0.6604975250465159,0.0,mode,0.0025179386138916016,0.06272745132446289,5,2,1.4025350427071577,0.4992496248124062,0.9156361222267151
942,1952,1.0,1.0,1.0,1.0,1.0,1.0,0.0,deint,0.0025179386138916016,0.06272745132446289,2,2,0.6915783597888489,0.12256128064032017,0.7264444828033447
943,1953,0.7146957441214943,0.6429418416556916,0.599,1.0000000000000004,0.5572090030877282,0.7156508882017258,0.0,mode,0.0025179386138916016,0.06174135208129883,10,3,1.7773840390502873,0.5232616308154077,0.33203667402267456
943,1953,0.9604633567450909,0.9844962202667235,0.959,0.9999999999999999,0.9240412443736902,0.9605212435812228,0.0,deint,0.0025179386138916016,0.06174135208129883,4,3,1.0717859129352096,0.15507753876938468,0.5246971249580383
944,1953,0.8896156194872515,0.996136118770552,0.983,1.0,0.802948861148023,0.8907061963329869,0.0,mode,0.0024930834770202637,0.0771329402923584,7,3,0.18187130089289255,0.04602301150575288,0.9009552001953125
944,1953,1.0,1.0,1.0,1.0,1.0,1.0,0.0,deint,0.0024930834770202637,0.0771329402923584,3,3,0.1460333541895218,0.03401700850425213,0.9089300632476807
945,1953,0.8866899814656515,0.9962011811673438,0.984,0.9999999999999998,0.798212523030487,0.8877844112499864,0.0,mode,0.0024930834770202637,0.06316375732421875,7,3,0.1717480482514502,0.04252126063031516,0.9209054112434387
945,1953,1.0,1.0,1.0,1.0,1.0,1.0,0.0,deint,0.0024930834770202637,0.06316375732421875,3,3,0.13709144317910069,0.031015507753876938,0.9294852614402771
946,1953,0.8694465153586831,0.9950140344888146,0.9805,0.9999999999999998,0.7708366158066571,0.870590328804019,0.2,mode,0.0024930834770202637,0.07051682472229004,7,3,0.17268125618992608,0.04102051025512756,0.9498096704483032
946,1953,1.0,1.0,1.0,1.0,1.0,1.0,0.2,deint,0.0024930834770202637,0.07051682472229004,3,3,0.1331090353742706,0.027013506753376687,0.9598495960235596
947,1953,0.8921204582328739,0.9965361393719688,0.984,1.0000000000000002,0.8069754348767348,0.8931780911916867,0.0,mode,0.0024930834770202637,0.060559749603271484,7,3,0.17157404359385514,0.0415207603801901,0.9427136182785034
947,1953,1.0,1.0,1.0,1.0,1.0,1.0,0.0,deint,0.0024930834770202637,0.060559749603271484,3,3,0.13845603870759393,0.029014507253626812,0.9543339610099792
948,1954,0.9106941366611556,0.9356492784149996,0.9085,1.0000000000000002,0.8362678199182204,0.9108342594115322,0.0,mode,0.0024875998497009277,0.06412363052368164,4,3,1.0469516399860417,0.39119559779889945,0.5117878317832947
948,1954,1.0,1.0,1.0,1.0,1.0,1.0,0.0,deint,0.0024875998497009277,0.06412363052368164,3,3,0.8755319655654397,0.3231615807903952,0.4017384946346283
949,1954,0.8718801483738448,0.8647874834076673,0.8605,1.0,0.773174711320161,0.872079560332234,0.0,mode,0.0024875998497009277,0.06297612190246582,4,3,1.0983033865215954,0.3581790895447724,0.6672587990760803
949,1954,1.0,1.0,1.0,0.9999999999999999,1.0,0.9999999999999999,0.0,deint,0.0024875998497009277,0.06297612190246582,3,3,0.8491804038250595,0.19859929964982492,0.513672411441803
950,1954,0.9007774617816791,0.9782233166313962,0.953,1.0,0.8196629915191285,0.9008953804515644,0.0,mode,0.0024875998497009277,0.06628155708312988,3,2,0.46790606893894277,0.23111555777888945,0.8262870907783508
950,1954,1.0,1.0,1.0,1.0,1.0,1.0,0.0,deint,0.0024875998497009277,0.06628155708312988,2,2,0.38352528826234833,0.21260630315157578,0.7999422550201416
951,1954,0.943636599205277,0.9635047397317302,0.9335,1.0,0.8934255890669106,0.9437134411045909,0.0,mode,0.0024875998497009277,0.04606914520263672,4,3,1.1662708132756237,0.3196598299149575,0.30504897236824036
951,1954,1.0,1.0,1.0,1.0,1.0,1.0,0.0,deint,0.0024875998497009277,0.04606914520263672,3,3,1.0419761884196892,0.28214107053526766,0.2302478849887848
952,1954,0.9236919422816353,0.9810258934083919,0.952,1.0000000000000002,0.8585818752433427,0.9239107371914185,0.0,mode,0.002514779567718506,0.07098531723022461,4,3,0.5954521826682347,0.26013006503251623,0.7701062560081482
952,1954,1.0,1.0,1.0,1.0,1.0,1.0,0.0,deint,0.002514779567718506,0.07098531723022461,3,3,0.511244451656467,0.24212106053026514,0.7181850075721741
953,1955,0.8514508087323989,0.8834654761027025,0.7855,1.0,0.7422615974252892,0.8520667602640176,0.0,mode,0.002514779567718506,0.06136488914489746,9,4,1.684806586113489,0.680840420210105,0.5539454221725464
953,1955,1.0,1.0,1.0,1.0,1.0,1.0,0.0,deint,0.002514779567718506,0.06136488914489746,3,3,0.806332191428845,0.21660830415207605,0.4702361226081848
954,1955,0.6192017853438877,0.40385016661044587,0.455,0.9862561395989575,0.45407362319920114,0.6218477327582838,0.4,mode,0.002514779567718506,0.06331539154052734,11,5,2.0302442553782782,0.7788894447223612,0.09189604222774506
954,1955,0.9939285508416311,0.9962858916022199,0.9985,0.9879515845278461,1.0000000000000007,0.9939392812350535,0.15,deint,0.002514779567718506,0.06331539154052734,3,4,0.8636194307392215,0.25662831415707854,0.3455355167388916
955,1955,0.9371620415689912,0.9815754462718606,0.9165,1.0000000000000002,0.8825228967492531,0.93759592329336,0.0,mode,0.002514779567718506,0.07073259353637695,10,5,1.473602695959094,0.8269134567283641,0.45092588663101196
955,1955,1.0,1.0,1.0,1.0,1.0,1.0,0.0,deint,0.002514779567718506,0.07073259353637695,3,3,0.45452294217502087,0.11805902951475739,0.16387219727039337
956,1955,0.5414832696311922,0.3340143776963188,0.4885,1.0,0.3731178311228215,0.5434607615833185,0.0,mode,0.002479374408721924,0.07840991020202637,8,3,1.2730190989386823,0.7913956978489245,0.27924326062202454
956,1955,1.0000000000000002,1.0,1.0,1.0000000000000002,1.0,1.0000000000000002,0.0,deint,0.002479374408721924,0.07840991020202637,3,3,0.47498612517242367,0.14057028514257128,0.5698559284210205
957,1955,0.7458305327670531,0.4609922708694143,0.5975,1.0,0.5964679105264613,0.7472344499925041,0.0,mode,0.002479374408721924,0.06516456604003906,10,5,2.1051238028296426,0.8384192096048024,0.30373331904411316
957,1955,1.0,1.0,1.0,1.0,1.0,1.0,0.0,deint,0.002479374408721924,0.06516456604003906,4,4,0.9958161072950721,0.25512756378189094,0.11685729771852493
958,1956,1.0,1.0,1.0,1.0,1.0,1.0,0.0,mode,0.002479374408721924,0.07486629486083984,2,2,0.472150814082429,0.07153576788394198,0.7358921766281128
958,1956,1.0,1.0,1.0,1.0,1.0,1.0,0.0,deint,0.002479374408721924,0.07486629486083984,2,2,0.472150814082429,0.07153576788394198,0.7358921766281128
959,1956,1.0,1.0,1.0,1.0,1.0,1.0,0.0,mode,0.002479374408721924,0.07001113891601562,2,2,0.17268227590927326,0.0830415207603802,0.9439901113510132
959,1956,1.0,1.0,1.0,1.0,1.0,1.0,0.0,deint,0.002479374408721924,0.07001113891601562,2,2,0.17268227590927326,0.0830415207603802,0.9439901113510132
960,1956,1.0,1.0,1.0,1.0,1.0,1.0,0.0,mode,0.0024953484535217285,0.06080436706542969,2,2,0.18504576254933958,0.09104552276138068,0.921474814414978
960,1956,1.0,1.0,1.0,1.0,1.0,1.0,0.0,deint,0.0024953484535217285,0.06080436706542969,2,2,0.18504576254933958,0.09104552276138068,0.921474814414978
961,1956,1.0,1.0,1.0,1.0,1.0,1.0,0.0,mode,0.0024953484535217285,0.06936120986938477,2,2,0.07788250921109635,0.030015007503751877,0.919964611530304
961,1956,1.0,1.0,1.0,1.0,1.0,1.0,0.0,deint,0.0024953484535217285,0.06936120986938477,2,2,0.07788250921109635,0.030015007503751877,0.919964611530304
962,1956,1.0,1.0,1.0,1.0,1.0,1.0,0.0,mode,0.0024953484535217285,0.06012392044067383,2,2,0.1711092832340432,0.08204102051025512,0.9318202137947083
962,1956,1.0,1.0,1.0,1.0,1.0,1.0,0.0,deint,0.0024953484535217285,0.06012392044067383,2,2,0.1711092832340432,0.08204102051025512,0.9318202137947083
963,1957,0.6863816133283672,0.338453294335915,0.525,1.0000000000000002,0.5241137602710666,0.6877619951122966,0.0,mode,0.0024953484535217285,0.05721712112426758,10,4,2.098530817428785,0.7188594297148574,0.06273813545703888
963,1957,0.9910079638164037,0.9980259478829375,0.995,1.0000000000000002,0.9822262332795668,0.9910334317939953,0.0,deint,0.0024953484535217285,0.05721712112426758,5,4,1.119771434049314,0.22111055527763882,0.12706813216209412
964,1957,0.720695286554814,0.667310228014545,0.66,0.9999999999999998,0.564168201832078,0.7213651334572323,0.0,mode,0.0025174617767333984,0.061266183853149414,7,3,1.6139317349122064,0.5942971485742872,0.4343673288822174
964,1957,1.0,1.0,1.0,1.0,1.0,1.0,0.0,deint,0.0025174617767333984,0.061266183853149414,3,3,0.9105289648600636,0.2831415707853927,0.5457144379615784
965,1957,0.7150610714006739,0.7082340131236557,0.676,1.0000000000000002,0.5573883853682725,0.715798821417906,0.0,mode,0.0025174617767333984,0.06063199043273926,7,3,1.5146482046738863,0.5217608804402201,0.30802762508392334
965,1957,1.0000000000000002,1.0,1.0,1.0000000000000002,1.0,1.0000000000000002,0.0,deint,0.0025174617767333984,0.06063199043273926,3,3,0.8442473172943025,0.2046023011505753,0.42211511731147766
966,1957,0.9177649697412197,0.9915394280562105,0.9485,1.0,0.848730720609921,0.9181766832217874,0.0,mode,0.0025174617767333984,0.07463884353637695,7,3,0.711334531851489,0.15807903951975988,0.9221739172935486
966,1957,1.0,1.0,1.0,1.0,1.0,1.0,0.0,deint,0.0025174617767333984,0.07463884353637695,3,3,0.6037314701071466,0.12306153076538269,0.9384297132492065
967,1957,0.8497807055624914,0.9878204879679254,0.956,0.9999999999999998,0.7407352006862197,0.8510601731891358,0.0,mode,0.0025174617767333984,0.0686335563659668,7,3,0.3494620528256766,0.09954977488744372,0.8982583284378052
967,1957,1.0,1.0,1.0,1.0,1.0,1.0,0.0,deint,0.0025174617767333984,0.0686335563659668,3,3,0.2588588440505605,0.0720360180090045,0.9144374132156372
968,1958,0.8818146646607655,0.7977488312949409,0.7955,1.0000000000000007,0.7891708865974472,0.8821637916300459,0.0,mode,0.0024881958961486816,0.0429224967956543,6,4,1.4173761775939098,0.5447723861930965,0.2822786271572113
968,1958,0.9952781813364826,0.9997359910709845,0.994,1.0,0.9906255737280438,0.9952907134341694,0.0,deint,0.0024881958961486816,0.0429224967956543,5,4,1.1291370264979164,0.34817408704352176,0.11746351420879364
969,1958,0.8703238529634426,0.940909125815234,0.893,0.9999999999999998,0.7705811428922605,0.8704273689863308,0.0,mode,0.0024881958961486816,0.06237506866455078,3,2,0.7098692486102283,0.2861430715357679,0.8081215620040894
969,1958,1.0,1.0,1.0,1.0,1.0,1.0,0.0,deint,0.0024881958961486816,0.06237506866455078,2,2,0.5470118569293144,0.16508254127063532,0.7505539059638977
970,1958,0.8348822764476608,0.7397471970851943,0.7635,0.9999999999999994,0.7169148195618029,0.8351198456598752,0.0,mode,0.0024881958961486816,0.06211352348327637,4,3,1.223956315373415,0.5457728864432216,0.34898659586906433
970,1958,1.0,1.0,1.0,1.0,1.0,1.0,0.0,deint,0.0024881958961486816,0.06211352348327637,3,3,0.8774724209742275,0.25212606303151575,0.18797317147254944
971,1958,0.7748849436441334,0.63769465131307,0.702,1.0000000000000004,0.6334256093721871,0.7755793783784822,0.0,mode,0.0024881958961486816,0.06165480613708496,6,4,1.476441472112591,0.5267633816908455,0.23290376365184784
971,1958,1.0,1.0,1.0,1.0,1.0,1.0,0.0,deint,0.0024881958961486816,0.06165480613708496,4,4,0.9352158391553421,0.295647823911956,0.020517738536000252
972,1958,0.9539737992110384,0.982383996671283,0.938,1.0000000000000002,0.9122532270306075,0.9541134135745988,0.0,mode,0.0024904608726501465,0.06606221199035645,5,4,1.0471476928153416,0.34067033516758377,0.12774811685085297
972,1958,1.0,1.0,1.0,1.0,1.0,1.0,0.0,deint,0.0024904608726501465,0.06606221199035645,4,4,0.9552638620045772,0.32366183091545775,0.08451884239912033
973,1959,0.9592252995214114,0.9938211188172342,0.991,1.0,0.9217454730637813,0.9592794529592622,0.0,mode,0.0024904608726501465,0.06624388694763184,3,2,0.4171230865137356,0.06353176588294147,0.3670097887516022
973,1959,0.9592252995214114,0.9938211188172342,0.991,1.0,0.9217454730637813,0.9592794529592622,0.0,deint,0.0024904608726501465,0.06624388694763184,3,2,0.4171230865137356,0.06353176588294147,0.3670097887516022
974,1959,0.9561132813903092,0.9899258941274991,0.988,1.0000000000000004,0.9159973924998404,0.9561572433088965,0.0,mode,0.0024904608726501465,0.055258750915527344,3,2,0.5347479765059908,0.0015007503751875938,0.2140522450208664
974,1959,0.9561132813903092,0.9899258941274991,0.988,1.0000000000000004,0.9159973924998404,0.9561572433088965,0.0,deint,0.0024904608726501465,0.055258750915527344,3,2,0.5347479765059908,0.0015007503751875938,0.2140522450208664
975,1959,0.8420063619679826,0.9308884532181734,0.9165,0.9999999999999998,0.7274860527044976,0.842248250358454,0.0,mode,0.0024904608726501465,0.06681323051452637,5,2,0.8003750398565013,0.010005002501250625,0.25226882100105286
975,1959,0.9396426471605438,0.9804856527800115,0.9815,0.9999999999999997,0.8862964171384736,0.9397212538663378,0.0,deint,0.0024904608726501465,0.06681323051452637,4,2,0.6569604335280347,0.009504752376188095,0.26439765095710754
976,1959,0.828366139839037,0.9220340075908053,0.9035,1.0,0.7073781366026054,0.8286133240644261,0.0,mode,0.0025119781494140625,0.06783080101013184,5,2,0.832161499057084,0.048024012006003,0.10937269777059555
976,1959,0.929352236097944,0.9768930038496471,0.9785,1.0,0.8681782307448841,0.9294383335135238,0.0,deint,0.0025119781494140625,0.06783080101013184,4,2,0.6780322630950941,0.04752376188094047,0.17588284611701965
977,1959,0.8407037193069665,0.9475005358042365,0.908,1.0000000000000002,0.7254848573985737,0.8409055046618613,0.0,mode,0.0025119781494140625,0.07690048217773438,4,2,0.6935534738191236,0.0335167583791896,0.2112150937318802
977,1959,0.9343990982824362,0.9816284112259468,0.9775,0.9999999999999998,0.876983868185957,0.9344607410329347,0.0,deint,0.0025119781494140625,0.07690048217773438,3,2,0.5737420736368204,0.0335167583791896,0.25968602299690247
978,1960,0.8737721701455612,0.933948497399985,0.825,1.0,0.7771892831677879,0.8746274699366527,0.0,mode,0.0025119781494140625,0.06695985794067383,10,5,1.5686916338128516,0.5782891445722862,0.41433215141296387
978,1960,0.9713184725648673,0.9933811124299485,0.979,1.0,0.944426547474213,0.9714191042094255,0.0,deint,0.0025119781494140625,0.06695985794067383,5,4,0.9226972591762906,0.3366683341670835,0.3203531503677368
979,1960,0.8796841339562038,0.8994678863623005,0.8225,0.9999999999999999,0.7864920462148424,0.8804875990142073,0.0,mode,0.0025119781494140625,0.05914115905761719,11,5,1.7299286821224742,0.7408704352176088,0.20799507200717926
979,1960,0.9740560475311294,0.9938834438602333,0.9785,0.9999999999999999,0.9495834546112141,0.9741398372716288,0.0,deint,0.0025119781494140625,0.05914115905761719,5,4,0.9947803807396784,0.3186593296648324,0.3437161147594452
980,1960,0.8037978275713571,0.7424661843529444,0.7245,1.0,0.6734265501126345,0.8048474551420349,0.0,mode,0.0024906396865844727,0.05876421928405762,8,5,1.6445164291430936,0.5697848924462231,-0.03594658523797989
980,1960,0.9999999999999998,1.0,1.0,0.9999999999999998,1.0,0.9999999999999999,0.0,deint,0.0024906396865844727,0.05876421928405762,4,4,1.0038604845558403,0.31265632816408206,0.48555099964141846
981,1960,0.8556282084202145,0.7922498760509563,0.774,0.9999999999999997,0.7483387656494817,0.8560569385664625,0.0,mode,0.0024906396865844727,0.05919837951660156,7,4,1.7449578451253442,0.5502751375687844,0.23785851895809174
981,1960,1.0,1.0,1.0,1.0,1.0,1.0,0.0,deint,0.0024906396865844727,0.05919837951660156,3,3,0.9024388694523451,0.22311155577788894,0.6180022954940796
982,1960,0.8746311413762237,0.8986111909205783,0.8245,1.0000000000000002,0.7778666332124958,0.8750562260195397,0.0,mode,0.0024906396865844727,0.06741452217102051,7,4,1.5103994234896103,0.5867933966983492,0.22962969541549683
982,1960,1.0,1.0,1.0,1.0,1.0,1.0,0.0,deint,0.0024906396865844727,0.06741452217102051,3,3,0.8002225731744028,0.27763881940970486,0.5250412821769714
983,1961,0.7774979491590994,0.5965827835853967,0.588,0.981445051706909,0.6467646167916274,0.7797078534174403,0.1,mode,0.0024906396865844727,0.05863833427429199,11,8,1.9428442486435888,0.8184092046023012,0.31969326734542847
983,1961,0.9979859239692698,0.999754734624385,0.999,0.9959956064360347,1.0,0.9979937863835706,0.1,deint,0.0024906396865844727,0.05863833427429199,5,6,1.2521417974439533,0.3736868434217109,0.21902865171432495
984,1961,0.7170517715066459,0.4735725275412745,0.556,0.9933868305148165,0.564615615453911,0.7200010733567119,0.2,mode,0.0024911165237426758,0.0736386775970459,12,6,1.5275342095825126,0.8899449724862432,0.5359742641448975
984,1961,0.9857382086366263,0.9937263211341627,0.997,0.9921557739255404,0.9795605458558928,0.9858179310381848,0.0,deint,0.0024911165237426758,0.0736386775970459,6,5,0.8653713670554027,0.35317658829414705,0.6101604104042053
985,1961,0.7485147215268827,0.5267577218767443,0.5295,0.9999999999999998,0.6004061663937253,0.7503172369632272,0.0,mode,0.0024911165237426758,0.06210613250732422,13,5,2.1733482450843202,0.7943971985992997,0.01282623689621687
985,1961,0.9903898194414197,0.9984026117522585,0.987,0.9999999999999998,0.9810367957183114,0.9904276365170628,0.0,deint,0.0024911165237426758,0.06210613250732422,6,5,1.3301149293855759,0.35317658829414705,0.13643313944339752
986,1961,0.5431240057634854,0.32310443485398027,0.524,0.9999999999999981,0.37502074469606805,0.5454764899259199,0.0,mode,0.0024911165237426758,0.07170271873474121,9,3,1.2441037575849518,0.1570785392696348,0.46131381392478943
986,1961,1.0,1.0,1.0,1.0,1.0,1.0,0.0,deint,0.0024911165237426758,0.07170271873474121,3,3,0.46656471768620433,0.08104052026013006,0.8265601992607117
987,1961,0.8818482552184509,0.9950898972911606,0.9785,1.0,0.7906143208668287,0.883064891923902,0.0,mode,0.0024911165237426758,0.06164669990539551,7,3,0.2140469238183677,0.04302151075537769,0.946404218673706
987,1961,1.0,1.0,1.0,1.0,1.0,1.0,0.0,deint,0.0024911165237426758,0.06164669990539551,3,3,0.16922856356172275,0.02351175587793897,0.9631912708282471
988,1962,0.8659378406359103,0.7692607062277868,0.733,1.0000000000000002,0.7644408818356797,0.8664964518849447,0.0,mode,0.002512335777282715,0.04529690742492676,8,5,1.922173825388723,0.5662831415707854,0.27987176179885864
988,1962,1.0,1.0,1.0,1.0,1.0,1.0,0.0,deint,0.002512335777282715,0.04529690742492676,5,5,1.46938825423317,0.2681340670335168,0.3805670142173767
989,1962,0.6873454936608707,0.4193058875156862,0.5655,1.0,0.5243450231108727,0.6879610785762833,0.0,mode,0.002512335777282715,0.06337428092956543,6,3,1.675129285716067,0.8289144572286143,0.20365406572818756
989,1962,1.0,1.0,1.0,1.0,1.0,1.0,0.0,deint,0.002512335777282715,0.06337428092956543,3,3,0.8783457040470979,0.31765882941470736,0.5494701862335205
990,1962,0.7831312326101374,0.748381155581592,0.737,0.9999999999999999,0.6441202063254408,0.7835439329159879,0.0,mode,0.002512335777282715,0.06283020973205566,5,3,1.2997392390460554,0.5152576288144072,0.4609876871109009
990,1962,1.0,1.0,1.0,1.0000000000000002,1.0,1.0000000000000002,0.0,deint,0.002512335777282715,0.06283020973205566,3,3,0.8371883068456767,0.15557778889444723,0.7122775316238403
991,1962,0.8448976815028774,0.7885330030151864,0.7755,0.9999999999999998,0.7318141676382725,0.8451416801102507,0.0,mode,0.002512335777282715,0.06908345222473145,5,3,1.4724624000055484,0.6518259129564783,0.199724942445755
991,1962,1.0,1.0,1.0,1.0,1.0,1.0,0.0,deint,0.002512335777282715,0.06908345222473145,3,3,1.077568845704621,0.36418209104552274,0.4153994619846344
992,1962,0.8382975193158226,0.8598697030318387,0.752,0.9999999999999998,0.7221288015872505,0.8386466806915711,0.0,mode,0.002507805824279785,0.0637972354888916,6,3,1.3553527069446651,0.5597798899449725,0.13711903989315033
992,1962,1.0,1.0,1.0,1.0,1.0,1.0,0.0,deint,0.002507805824279785,0.0637972354888916,3,3,0.9787392261272645,0.4627313656828414,0.29548192024230957
993,1963,0.31035808167496576,0.11577274007547383,0.506,0.9999999999999982,0.1850757807546388,0.3123442125140473,0.1,mode,0.002507805824279785,0.06775712966918945,7,3,1.2463384303886007,0.753376688344172,0.3890876770019531
993,1963,0.9420462783729883,0.9954572717062038,0.991,1.0000000000000002,0.8908748898455854,0.942288561374187,0.1,deint,0.002507805824279785,0.06775712966918945,5,3,0.25892194336376295,0.07253626813406704,0.10498704761266708
994,1963,0.7987921693546121,0.890893502481971,0.854,1.0,0.6652676074738745,0.7989918310883994,0.0,mode,0.002507805824279785,0.052506446838378906,4,2,0.9111098727022057,0.3626813406703352,0.731273353099823
994,1963,1.0,1.0,1.0,1.0,1.0,1.0,0.0,deint,0.002507805824279785,0.052506446838378906,2,2,0.6061318852245298,0.2096048024012006,0.7202838063240051
995,1963,0.8016257713066394,0.8984538688430282,0.8575,1.0000000000000002,0.6692082043993539,0.8018271209494338,0.0,mode,0.002507805824279785,0.06499266624450684,4,2,0.8888598947575229,0.3551775887943972,0.6929417848587036
995,1963,1.0,1.0,1.0,1.0,1.0,1.0,0.0,deint,0.002507805824279785,0.06499266624450684,2,2,0.594832334200964,0.21710855427713857,0.6939989328384399
996,1963,0.5505051532781539,0.29388670201273875,0.583,0.9999999999999993,0.38068861894446115,0.5514474642885058,0.0,mode,0.002476930618286133,0.07229757308959961,5,3,1.3679973892691817,0.7128564282141071,0.46900683641433716
996,1963,1.0,1.0,1.0,1.0,1.0,1.0,0.0,deint,0.002476930618286133,0.07229757308959961,3,3,0.5207810367308576,0.15057528764382191,0.19608867168426514
997,1963,0.8200766629027136,0.9323655928313165,0.8875,1.0000000000000002,0.6953265483430985,0.8202862734883322,0.0,mode,0.002476930618286133,0.06914877891540527,4,2,0.7641046296289273,0.2621310655327664,0.732060432434082
997,1963,1.0,1.0,1.0,1.0,1.0,1.0,0.0,deint,0.002476930618286133,0.06914877891540527,2,2,0.5313022347709943,0.1500750375187594,0.7340928912162781
998,1964,0.9667686346667734,0.9911815121944616,0.961,1.0,0.9358672455881837,0.9668713055825631,0.0,mode,0.002476930618286133,0.0605921745300293,6,4,1.2837260162961708,0.27813906953476736,0.6892370581626892
998,1964,0.9832490262985554,0.9953258010341834,0.9835,0.9999999999999998,0.9671310387802252,0.9832909142442506,0.0,deint,0.002476930618286133,0.0605921745300293,5,4,1.2422278707487064,0.27813906953476736,0.6791127920150757
999,1964,1.0,1.0,1.0,1.0,1.0,1.0,0.0,mode,0.002476930618286133,0.07049918174743652,4,4,0.0833257336709454,0.02301150575287644,0.9874235987663269
999,1964,1.0,1.0,1.0,1.0,1.0,1.0,0.0,deint,0.002476930618286133,0.07049918174743652,4,4,0.0833257336709454,0.02301150575287644,0.9874235987663269
1000,1964,1.0,1.0,1.0,1.0,1.0,1.0,0.0,mode,0.002512514591217041,0.0642557144165039,4,4,0.08810548240222231,0.026013006503251626,0.9843035936355591
1000,1964,1.0,1.0,1.0,1.0,1.0,1.0,0.0,deint,0.002512514591217041,0.0642557144165039,4,4,0.0881054824022223,0.026013006503251626,0.9843035936355591
1001,1964,1.0,1.0,1.0,1.0,1.0,1.0,0.0,mode,0.002512514591217041,0.06949591636657715,4,4,0.10975749635712553,0.030015007503751877,0.9879558086395264
1001,1964,0.9999999999999999,1.0,1.0,0.9999999999999999,1.0,0.9999999999999999,0.0,deint,0.002512514591217041,0.06949591636657715,4,4,0.10975749635712553,0.030015007503751877,0.9879558086395264
1002,1964,1.0,1.0,1.0,1.0,1.0,1.0,0.0,mode,0.002512514591217041,0.06074333190917969,4,4,0.10207161986097373,0.027013506753376687,0.9848376512527466
1002,1964,1.0000000000000002,1.0,1.0,1.0000000000000002,1.0,1.0000000000000002,0.0,deint,0.002512514591217041,0.06074333190917969,4,4,0.10207161986097371,0.027013506753376687,0.9848376512527466
1003,1965,1.0,1.0,1.0,1.0,1.0,1.0,0.0,mode,0.002512514591217041,0.06222724914550781,4,4,1.0307197471447982,0.05652826413206603,0.03593657538294792
1003,1965,1.0,1.0,1.0,1.0,1.0,1.0,0.0,deint,0.002512514591217041,0.06222724914550781,3,3,0.66491734637558,0.0015007503751875938,-0.1598990112543106
1004,1965,1.0,1.0,1.0,1.0,1.0,1.0,0.0,mode,0.0024895071983337402,0.059529781341552734,3,3,1.0529122964784732,0.3456728364182091,0.29412972927093506
1004,1965,1.0,1.0,1.0,1.0,1.0,1.0,0.0,deint,0.0024895071983337402,0.059529781341552734,2,2,0.6442963755652279,0.05552776388194097,0.17176945507526398
1005,1965,1.0,1.0,1.0,1.0,1.0,1.0,0.0,mode,0.0024895071983337402,0.06625652313232422,3,3,0.8482096504570205,0.2051025512756378,0.6742055416107178
1005,1965,1.0,1.0,1.0,1.0,1.0,1.0,0.0,deint,0.0024895071983337402,0.06625652313232422,2,2,0.5428759424526433,0.048024012006003,0.9186933636665344
1006,1965,1.0,1.0,1.0,1.0,1.0,1.0,0.0,mode,0.0024895071983337402,0.0656287670135498,3,3,0.7216970816494017,0.51975987993997,0.6364339590072632
1006,1965,1.0,1.0,1.0,1.0,1.0,1.0,0.0,deint,0.0024895071983337402,0.0656287670135498,2,2,0.09997869709796633,0.03601800900450225,0.7805088758468628
1007,1965,1.0,1.0,1.0,1.0,1.0,1.0,0.0,mode,0.0024895071983337402,0.05951833724975586,4,4,0.9406940791771643,0.39119559779889945,0.15117421746253967
1007,1965,1.0,1.0,1.0,1.0,1.0,1.0,0.0,deint,0.0024895071983337402,0.05951833724975586,3,3,0.7684286572288511,0.32866433216608304,0.23743708431720734
1008,1966,0.6518794411403117,0.3954781574714102,0.506,0.9999999999999998,0.48477244756765137,0.6529922458647501,0.0,mode,0.002483069896697998,0.06347274780273438,9,3,1.7465471724367052,0.8059029514757379,0.13734562695026398
1008,1966,0.9858936187471479,0.9975156417121158,0.9935,1.0,0.9722298609526362,0.9859194206531534,0.0,deint,0.002483069896697998,0.06347274780273438,4,3,0.8708619037809548,0.3071535767883942,0.15793535113334656
1009,1966,0.5742076688959497,0.2948083598671937,0.4535,1.0000000000000009,0.4040344372800724,0.575533514780132,0.0,mode,0.002483069896697998,0.08091425895690918,8,3,1.6642607534485132,0.8649324662331166,0.2664082646369934
1009,1966,0.9842616198768934,0.9963469791237409,0.9955,1.0000000000000002,0.9690803955139322,0.9842974392734242,0.0,deint,0.002483069896697998,0.08091425895690918,4,3,0.6938729336133878,0.23961980990495246,0.2526800334453583
1010,1966,0.6951885535060515,0.5181197691953079,0.6015,1.0000000000000002,0.5335447088496585,0.6958319581694893,0.0,mode,0.002483069896697998,0.06706428527832031,6,3,1.5717687767367459,0.7078539269634817,0.22903014719486237
1010,1966,1.0,1.0,1.0,0.9999999999999999,1.0,0.9999999999999999,0.0,deint,0.002483069896697998,0.06706428527832031,3,3,0.8386089143831179,0.2466233116558279,0.2875470519065857
1011,1966,0.6227803652122617,0.47755548871733505,0.538,1.0000000000000002,0.4525635942196686,0.6231239665107953,0.0,mode,0.002483069896697998,0.05828070640563965,5,2,1.5142937165147534,0.6853426713356678,0.15527185797691345
1011,1966,1.0,1.0,1.0,1.0,1.0,1.0,0.0,deint,0.002483069896697998,0.05828070640563965,2,2,0.6853142070764582,0.21660830415207605,0.5965049862861633
1012,1966,0.6084678493473875,0.32992616242338973,0.478,1.0,0.4387696258265346,0.6099233928078975,0.0,mode,0.0025362372398376465,0.07187867164611816,9,3,1.5939194279342286,0.8614307153576788,0.19136087596416473
1012,1966,0.9801790523111064,0.9979798158592995,0.988,1.0,0.9612126410760644,0.9802227672249482,0.0,deint,0.0025362372398376465,0.07187867164611816,4,3,0.727584512642099,0.2836418209104552,0.20370879769325256
1013,1967,1.0,1.0,1.0,1.0,1.0,1.0,0.0,mode,0.0025362372398376465,0.06911897659301758,3,3,0.3068603938037731,0.15407703851925963,0.9347202181816101
1013,1967,1.0,1.0,1.0,1.0,1.0,1.0,0.0,deint,0.0025362372398376465,0.06911897659301758,3,3,0.30686039380377306,0.15407703851925963,0.9347202181816101
1014,1967,1.0,1.0,1.0,1.0,1.0,1.0,0.0,mode,0.0025362372398376465,0.07007098197937012,3,3,0.13391414884233488,0.05002501250625312,0.9511340260505676
1014,1967,1.0,1.0,1.0,1.0,1.0,1.0,0.0,deint,0.0025362372398376465,0.07007098197937012,3,3,0.13391414884233488,0.05002501250625312,0.9511340260505676
1015,1967,1.0,1.0,1.0,1.0,1.0,1.0,0.0,mode,0.0025362372398376465,0.06005358695983887,3,3,0.45964625702049977,0.295647823911956,0.9349498152732849
1015,1967,1.0,1.0,1.0,1.0,1.0,1.0,0.0,deint,0.0025362372398376465,0.06005358695983887,3,3,0.45964625702049977,0.295647823911956,0.9349498152732849
1016,1967,1.0,1.0,1.0,1.0,1.0,1.0,0.0,mode,0.0024878978729248047,0.06910562515258789,3,3,0.6164526860862596,0.4762381190595298,0.8580918908119202
1016,1967,1.0,1.0,1.0,1.0,1.0,1.0,0.0,deint,0.0024878978729248047,0.06910562515258789,3,3,0.6164526860862596,0.4762381190595298,0.8580918908119202
1017,1967,1.0,1.0,1.0,1.0,1.0,1.0,0.0,mode,0.0024878978729248047,0.059490203857421875,3,3,0.5349508322413403,0.39419709854927465,0.9800060987472534
1017,1967,1.0,1.0,1.0,1.0,1.0,1.0,0.0,deint,0.0024878978729248047,0.059490203857421875,3,3,0.5349508322413403,0.39419709854927465,0.9800060987472534
1018,1968,0.834493200050182,0.8189313011059334,0.793,1.0,0.7185211114113618,0.836208652474761,0.0,mode,0.0024878978729248047,0.06750369071960449,12,6,1.6139867019774723,0.4117058529264632,0.009485057555139065
1018,1968,0.9780421998016829,0.9931388626659222,0.9835,0.9999999999999998,0.9572275302049498,0.9781463988550316,0.0,deint,0.0024878978729248047,0.06750369071960449,6,5,1.1233370702800318,0.3326663331665833,-0.0522603802382946
1019,1968,0.8965984384099688,0.9582801709367224,0.8475,1.0,0.8138893936954174,0.8973969377893426,0.0,mode,0.0024878978729248047,0.06558465957641602,11,5,1.513607519937395,0.5057528764382191,0.5014307498931885
1019,1968,0.9853646972062816,0.9973885702713059,0.991,0.9999999999999999,0.9712433742119705,0.9854119353478992,0.0,deint,0.0024878978729248047,0.06558465957641602,5,4,0.9846113175281543,0.29664832416208103,0.49936479330062866
1020,1968,0.7860920580436254,0.5782571301877759,0.6215,0.9999999999999997,0.6493895257540584,0.787430155962915,0.0,mode,0.002483844757080078,0.0658407211303711,11,5,1.9976326729324787,0.5287643821910956,0.1271219700574875
1020,1968,1.0,1.0,1.0,0.9999999999999999,1.0,0.9999999999999999,0.0,deint,0.002483844757080078,0.0658407211303711,4,4,0.8632946491342176,0.24262131065532766,0.3783063590526581
1021,1968,0.960378387490925,0.9990302528278985,0.9935,1.0,0.9245266864772036,0.9607834414284229,0.0,mode,0.002483844757080078,0.07421422004699707,6,4,0.1516421653122813,0.03701850925462731,0.6460214853286743
1021,1968,1.0,1.0,1.0,1.0,1.0,1.0,0.0,deint,0.002483844757080078,0.07421422004699707,4,4,0.1401972287811078,0.032016008004002,0.9286633729934692
1022,1968,0.9686813616763714,0.9991161986628515,0.994,1.0,0.9398331327038536,0.9689834830214069,0.0,mode,0.002483844757080078,0.06192469596862793,5,4,0.14383891745507912,0.03601800900450225,0.9352972507476807
1022,1968,1.0000000000000004,1.0,1.0,1.0000000000000002,1.0,1.0000000000000002,0.0,deint,0.002483844757080078,0.06192469596862793,4,4,0.1351845804664546,0.031015507753876938,0.9407986998558044
1023,1969,0.7665902435361939,0.9088717685702471,0.8275,1.0,0.6227414131484703,0.7675177426330877,0.0,mode,0.002483844757080078,0.06623649597167969,7,3,0.9760517283029193,0.3616808404202101,0.7511473298072815
1023,1969,1.0,1.0,1.0,1.0,1.0,1.0,0.0,deint,0.002483844757080078,0.06623649597167969,3,3,0.6078278327252857,0.23261630815407705,0.7489460706710815
1024,1969,0.8556418302983094,0.8974879583863421,0.821,1.0,0.748937461397178,0.8564485328124568,0.0,mode,0.0025104284286499023,0.04601097106933594,9,5,1.4879341311371128,0.5847923961980991,0.22217048704624176
1024,1969,1.0,1.0,1.0,1.0000000000000002,1.0,1.0000000000000002,0.0,deint,0.0025104284286499023,0.04601097106933594,5,5,1.114369611074089,0.4752376188094047,0.23787936568260193
1025,1969,0.6721341471287678,0.33411192768119147,0.5,1.0,0.5075782419747396,0.6733690203831483,0.0,mode,0.0025104284286499023,0.05888628959655762,9,4,2.135073095131615,0.7938969484742371,0.20564904808998108
1025,1969,1.0,1.0,1.0,1.0,1.0,1.0,0.0,deint,0.0025104284286499023,0.05888628959655762,4,4,1.0837166481712919,0.26463231615807903,0.2744278609752655
1026,1969,0.7033535526328846,0.4896746232720026,0.5435,1.0000000000000004,0.5438662448432882,0.7045509889990423,0.0,mode,0.0025104284286499023,0.05945324897766113,9,4,1.9894133430978571,0.6773386693346674,0.2492942363023758
1026,1969,1.0,1.0,1.0,1.0,1.0,1.0,0.0,deint,0.0025104284286499023,0.05945324897766113,4,4,1.081974764441243,0.27913956978489246,0.2849509119987488
1027,1969,0.7704810324537733,0.8018519805604195,0.696,0.9999999999999998,0.6274675321793481,0.7710968357557387,0.0,mode,0.0025104284286499023,0.05628395080566406,8,3,1.6144870201823267,0.5392696348174087,0.4293120503425598
1027,1969,1.0,1.0,1.0,1.0,1.0,1.0,0.0,deint,0.0025104284286499023,0.05628395080566406,3,3,1.0130381864913685,0.327663831915958,0.4922412633895874
1028,1970,0.6871841761606208,0.5015700921342741,0.624,1.0000000000000007,0.5254531417289879,0.6889141689838153,0.0,mode,0.002491593360900879,0.07395553588867188,9,4,1.5096340802322767,0.6013006503251626,0.5577857494354248
1028,1970,1.0,1.0,1.0,1.0,1.0,1.0,0.0,deint,0.002491593360900879,0.07395553588867188,4,4,0.7932419703921085,0.18109054527263632,0.6780756711959839
1029,1970,0.7595212632051468,0.5700613598983454,0.6005,1.0,0.6135779693392138,0.760518525907346,0.0,mode,0.002491593360900879,0.06566691398620605,10,4,2.045311443017785,0.696848424212106,0.35004690289497375
1029,1970,1.0,1.0,1.0,1.0,1.0,1.0,0.0,deint,0.002491593360900879,0.06566691398620605,4,4,1.2549580420866875,0.24312156078039018,0.48489728569984436
1030,1970,0.9109203223837745,0.9913981497975345,0.96,1.0,0.838037515228369,0.9118829276172267,0.0,mode,0.002491593360900879,0.0800623893737793,7,4,0.49028276106914936,0.09154577288644322,0.8539011478424072
1030,1970,1.0,1.0,1.0,1.0,1.0,1.0,0.0,deint,0.002491593360900879,0.0800623893737793,4,4,0.4108753470323203,0.05302651325662831,0.8740959763526917
1031,1970,0.9040708871694763,0.9962043738430185,0.9845,1.0,0.8265260036057752,0.9050251701581216,0.2,mode,0.002491593360900879,0.0628507137298584,7,4,0.17899600725421588,0.04202101050525263,0.9066243767738342
1031,1970,1.0,1.0,1.0,1.0,1.0,1.0,0.2,deint,0.002491593360900879,0.0628507137298584,4,4,0.14794485471578567,0.029514757378689346,0.9154578447341919
1032,1970,0.9116325977049035,0.9970865140929439,0.9875,1.0,0.8390660787823904,0.9124914960509952,0.2,mode,0.0024903416633605957,0.07048773765563965,7,4,0.15592596013093038,0.03601800900450225,0.8774167895317078
1032,1970,1.0000000000000002,1.0,1.0,1.0000000000000002,1.0,1.0000000000000002,0.2,deint,0.0024903416633605957,0.07048773765563965,4,4,0.13083218413478528,0.026013006503251626,0.8845154643058777
1033,1971,0.6297435263243343,0.35418817614695985,0.6485,1.0,0.46034635864853996,0.6304618845005537,0.0,mode,0.0024903416633605957,0.05942583084106445,4,3,1.0779044824004176,0.38669334667333666,0.06049142777919769
1033,1971,1.0,1.0,1.0,1.0,1.0,1.0,0.0,deint,0.0024903416633605957,0.05942583084106445,3,3,0.49620940332811,0.2176088044022011,-0.02538670040667057
1034,1971,0.9547357696131814,0.9686183821128846,0.9755,1.0,0.9135211520857418,0.9548064322048407,0.0,mode,0.0024903416633605957,0.06583499908447266,4,3,1.0162822932486015,0.2676338169084542,0.23432540893554688
1034,1971,1.0,1.0,1.0,1.0,1.0,1.0,0.0,deint,0.0024903416633605957,0.06583499908447266,3,3,0.9283953714382105,0.2676338169084542,0.2789829671382904
1035,1971,0.9863363802750977,0.9982439854138889,0.9855,1.0,0.9731214332270792,0.9863776418824054,0.0,mode,0.0024903416633605957,0.0619049072265625,5,4,1.0450033394813207,0.21960980490245122,0.28767260909080505
1035,1971,1.0,1.0,1.0,1.0,1.0,1.0,0.0,deint,0.0024903416633605957,0.0619049072265625,4,4,1.0169151475297076,0.21960980490245122,0.30424779653549194
1036,1971,0.8274455670907364,0.7155250024748735,0.758,0.9999999999999999,0.7065739581225988,0.8280613386365047,0.0,mode,0.0025022029876708984,0.06161761283874512,6,4,1.2988187094434474,0.2226113056528264,0.18513080477714539
1036,1971,1.0,1.0,1.0,0.9999999999999999,1.0,0.9999999999999999,0.0,deint,0.0025022029876708984,0.06161761283874512,4,4,0.9177114764390867,0.2226113056528264,0.06426914781332016
1037,1971,0.866928029254287,0.7949883965984784,0.7955,0.9999999999999999,0.7656695663314612,0.8672852281441265,0.0,mode,0.0025022029876708984,0.06253600120544434,5,4,1.2981843174885077,0.6108054027013506,0.20369859039783478
1037,1971,1.0,1.0,1.0,0.9999999999999999,1.0,0.9999999999999999,0.0,deint,0.0025022029876708984,0.06253600120544434,4,4,0.9939802233725648,0.4792396198099049,0.2579090893268585
1038,1972,0.7903390605116904,0.7448328709055002,0.7375,1.0000000000000004,0.6538773343755052,0.7907204733807006,0.0,mode,0.0025022029876708984,0.06818652153015137,5,3,1.3414227589585153,0.4032016008004002,0.5859081745147705
1038,1972,1.0,1.0,1.0,1.0,1.0,1.0,0.0,deint,0.0025022029876708984,0.06818652153015137,3,3,0.8771259379253683,0.0720360180090045,0.6651917695999146
1039,1972,0.9068517503574559,0.9972682827547326,0.9905,0.9999999999999999,0.8304166914645512,0.9073526212221317,0.0,mode,0.0025022029876708984,0.0784611701965332,4,2,0.10125715971795177,0.02751375687843922,0.9750481247901917
1039,1972,1.0,1.0,1.0,1.0,1.0,1.0,0.0,deint,0.0025022029876708984,0.0784611701965332,2,2,0.08408563569224581,0.022011005502751375,0.9803974628448486
1040,1972,0.9047516031621595,0.9974935375264341,0.991,1.0000000000000002,0.8269134508838645,0.905257389706997,0.0,mode,0.0024850964546203613,0.06168961524963379,4,2,0.09164400324665953,0.026013006503251626,0.9811865091323853
1040,1972,1.0,1.0,1.0,1.0,1.0,1.0,0.0,deint,0.0024850964546203613,0.06168961524963379,2,2,0.07578165910827268,0.02301150575287644,0.9835867881774902
1041,1972,0.9024084017515941,0.9969818000699717,0.9895,0.9999999999999999,0.823064815675866,0.902946300755336,0.0,mode,0.0024850964546203613,0.0721123218536377,4,2,0.10709141470998174,0.030015007503751877,0.9826462268829346
1041,1972,1.0,1.0,1.0,1.0,1.0,1.0,0.0,deint,0.0024850964546203613,0.0721123218536377,2,2,0.08814317563796481,0.02501250625312656,0.9855340123176575
1042,1972,0.9070098430148446,0.9977749857742999,0.992,1.0,0.8306411090806354,0.9074865684599325,0.0,mode,0.0024850964546203613,0.0625913143157959,4,2,0.0835157414238932,0.02301150575287644,0.9850977659225464
1042,1972,1.0,1.0,1.0,1.0,1.0,1.0,0.0,deint,0.0024850964546203613,0.0625913143157959,2,2,0.06937160821429075,0.02001000500250125,0.9875270128250122
1043,1973,0.5183945548695984,0.26045652297314903,0.4785,1.0000000000000009,0.35024286394087695,0.5187849879371229,0.0,mode,0.0024850964546203613,0.0646669864654541,4,2,1.3736409530300682,0.8599299649824912,0.3582361340522766
1043,1973,1.0,1.0,1.0,1.0,1.0,1.0,0.0,deint,0.0024850964546203613,0.0646669864654541,2,2,0.4811079413558235,0.19309654827413708,0.4076179265975952
1044,1973,0.0,0.0,0.3515,1.0,0.0,0.0,0.0,mode,0.0024849772453308105,0.06288814544677734,3,1,1.0978760095820195,0.9064532266133066,0.2945863604545593
1044,1973,1.0,1.0,1.0,1.0,1.0,1.0,0.0,deint,0.0024849772453308105,0.06288814544677734,1,1,-1.000000082690371e-10,0.0,0.0
1045,1973,0.0,0.0,0.366,1.0,0.0,0.0,0.0,mode,0.0024849772453308105,0.07138895988464355,3,1,1.0962280377263314,0.9129564782391195,0.29234424233436584
1045,1973,1.0,1.0,1.0,1.0,1.0,1.0,0.0,deint,0.0024849772453308105,0.07138895988464355,1,1,-1.000000082690371e-10,0.0,0.0
1046,1973,0.0,0.0,0.3225,1.0,0.0,0.0,0.0,mode,0.0024849772453308105,0.06231284141540527,4,1,1.3059957528231492,0.9324662331165583,0.23717856407165527
1046,1973,1.0,1.0,1.0,1.0,1.0,1.0,0.0,deint,0.0024849772453308105,0.06231284141540527,1,1,-1.000000082690371e-10,0.0,0.0
1047,1974,0.7108935144138834,0.4532720368277541,0.501,0.9999999999999998,0.5528519155767837,0.7120471823888437,0.0,mode,0.0024849772453308105,0.05977749824523926,9,4,1.982953181405604,0.6498249124562281,0.09958814829587936
1047,1974,0.9934963333572315,0.9995046966665286,0.993,0.9999999999999998,0.9871125575065497,0.9935144879212973,0.0,deint,0.0024849772453308105,0.05977749824523926,5,4,1.1105921574054152,0.3751875937968984,0.41258561611175537
1048,1974,0.8110201857888886,0.6357663600035403,0.703,1.0,0.6829938304060086,0.8116415141477279,0.0,mode,0.0025444626808166504,0.05730605125427246,7,4,1.673453347182453,0.6643321660830416,0.13135389983654022
1048,1974,1.0,1.0,1.0,1.0,1.0,1.0,0.0,deint,0.0025444626808166504,0.05730605125427246,4,4,1.1429583116759956,0.352176088044022,0.1545141637325287
1049,1974,0.7917342501291587,0.6355190924848303,0.6925,1.0000000000000004,0.6561812826375785,0.7924027273059945,0.2,mode,0.0025444626808166504,0.063262939453125,6,4,1.3175515121800836,0.6198099049524762,0.49797505140304565
1049,1974,0.9999999999999999,1.0,1.0,0.9999999999999999,1.0,0.9999999999999999,0.2,deint,0.0025444626808166504,0.063262939453125,4,4,0.8645526411971166,0.23111555777888945,0.30009835958480835
1050,1974,0.7128330587740452,0.47193281367209555,0.583,1.0000000000000002,0.554443577823593,0.7133659731797797,0.0,mode,0.0025444626808166504,0.06343436241149902,6,3,1.7394008093339726,0.6658329164582291,0.14486120641231537
1050,1974,1.0,1.0,1.0,1.0,1.0,1.0,0.0,deint,0.0025444626808166504,0.06343436241149902,3,3,0.9643996080290471,0.3536768384192096,0.4672190546989441
1051,1974,0.8840085569896814,0.9241779764063662,0.853,0.9999999999999999,0.7929369400902867,0.8845118000082667,0.0,mode,0.0025444626808166504,0.07046842575073242,6,4,1.0292028239373754,0.3121560780390195,0.6367288827896118
1051,1974,1.0,1.0,1.0,1.0,1.0,1.0,0.0,deint,0.0025444626808166504,0.07046842575073242,4,4,0.8160929380209465,0.14757378689344672,0.6418489813804626
1052,1975,0.0,0.0,0.7485,1.0,0.0,0.0,0.0,mode,0.002490520477294922,0.07429695129394531,2,1,0.5639770708239061,0.3696848424212106,0.19854137301445007
1052,1975,1.0,1.0,1.0,1.0,1.0,1.0,0.0,deint,0.002490520477294922,0.07429695129394531,1,1,-1.000000082690371e-10,0.0,0.0
1053,1975,0.9123657969508266,0.9874896928776894,0.969,0.9999999999999998,0.8390954181128905,0.912508845216843,0.0,mode,0.002490520477294922,0.05932354927062988,3,2,0.3437412138833317,0.04852426213106553,0.9264540076255798
1053,1975,1.0,1.0,1.0,1.0,1.0,1.0,0.0,deint,0.002490520477294922,0.05932354927062988,2,2,0.28843167763779537,0.010505252626313157,0.9524245262145996
1054,1975,0.9600784701094139,0.9993761754268148,0.9985,0.9999999999999999,0.9234839540616626,0.9602200757761639,0.0,mode,0.002490520477294922,0.06922221183776855,3,2,0.050455044443520655,0.015007503751875938,0.9783427715301514
1054,1975,1.0,1.0,1.0,1.0,1.0,1.0,0.0,deint,0.002490520477294922,0.06922221183776855,2,2,0.04659442402210456,0.014007003501750876,0.9827460646629333
1055,1975,0.9491938719807499,0.9991204653452898,0.9975,1.0000000000000002,0.9036386576842284,0.9493804446937452,0.0,mode,0.002490520477294922,0.06247830390930176,3,2,0.05156311491854652,0.013506753376688344,0.981779158115387
1055,1975,1.0,1.0,1.0,1.0,1.0,1.0,0.0,deint,0.002490520477294922,0.06247830390930176,2,2,0.04659442402210456,0.011005502751375688,0.986000120639801
1056,1975,0.9469652720617945,0.9989735989164639,0.997,1.0000000000000002,0.8996435118253827,0.9471708836158508,0.0,mode,0.002489805221557617,0.07041072845458984,3,2,0.0570827814797463,0.015507753876938469,0.986432671546936
1056,1975,1.0,1.0,1.0,1.0,1.0,1.0,0.0,deint,0.002489805221557617,0.07041072845458984,2,2,0.05135415406509297,0.013006503251625813,0.9901646971702576
1057,1977,0.864688357017596,0.8753702032078184,0.764,0.9963964177328405,0.7653831606052652,0.8657439884046256,0.1,mode,0.002489805221557617,0.04129362106323242,12,6,1.841812164057747,0.6498249124562281,0.16780704259872437
1057,1977,0.9874334213310875,0.9967513733926662,0.989,0.9962117318373879,0.978898261388474,0.9874791131785873,0.0,deint,0.002489805221557617,0.04129362106323242,6,5,1.4335121203013448,0.5107553776888444,0.22434233129024506
1058,1977,0.9264672231578439,0.9675715095822909,0.896,0.9874008445250939,0.8737088801929095,0.9270822399278689,0.1,mode,0.002489805221557617,0.05117034912109375,10,7,1.654890051196752,0.38619309654827416,0.5879562497138977
1058,1977,0.9798893024297607,0.9942794480558966,0.994,0.984025895671094,0.9759356078669272,0.9799640543092298,0.0,deint,0.002489805221557617,0.05117034912109375,5,5,1.1198468457005069,0.32516258129064535,0.6055821776390076
1059,1977,0.9176214050085659,0.9975447725194253,0.984,0.9881763302425435,0.8582840011568877,0.9186614195240237,0.15,mode,0.002489805221557617,0.06904864311218262,8,5,0.20248732955354307,0.05652826413206603,0.6093799471855164
1059,1977,1.0,1.0,1.0,1.0,1.0,1.0,0.0,deint,0.002489805221557617,0.06904864311218262,3,3,0.1220856754747579,0.030015007503751877,0.9623833894729614
1060,1977,0.9207773189291031,0.9969809077484226,0.9835,1.0000000000000002,0.854822947735564,0.9217299675736311,0.0,mode,0.0025166869163513184,0.06261849403381348,7,4,0.2182752642130039,0.058029014507253625,0.8551602959632874
1060,1977,1.0,1.0,1.0,1.0,1.0,1.0,0.0,deint,0.0025166869163513184,0.06261849403381348,3,3,0.13548002230430414,0.030015007503751877,0.9632189869880676
1061,1977,0.9319163401474805,0.997671923345202,0.9855,1.0,0.8740126411655506,0.9327713399221838,0.0,mode,0.0025166869163513184,0.06992292404174805,7,4,0.2230705602296838,0.058529264632316155,0.9501739144325256
1061,1977,1.0,1.0,1.0,1.0,1.0,1.0,0.0,deint,0.0025166869163513184,0.06992292404174805,3,3,0.14154154905623556,0.03151575787893947,0.9684888124465942
1062,1978,0.7843563191734229,0.5081788260043326,0.603,1.0,0.646828408379397,0.7855443895529162,0.0,mode,0.0025166869163513184,0.045560359954833984,10,5,1.946307986604469,0.7448724362181091,-0.061261437833309174
1062,1978,0.9933869882729367,0.9977005673818407,0.9965,1.0000000000000002,0.9869137613962435,0.9934137863162413,0.0,deint,0.0025166869163513184,0.045560359954833984,6,5,1.275620369772817,0.33516758379189593,0.35408374667167664
1063,1978,0.8699832759351013,0.8593798852168819,0.8105,1.0,0.7704849205059462,0.8703659789271371,0.0,mode,0.0025166869163513184,0.05383658409118652,6,4,1.4527143840438548,0.4622311155577789,0.3671729564666748
1063,1978,1.0,1.0,1.0,1.0,1.0,1.0,0.0,deint,0.0025166869163513184,0.05383658409118652,4,4,1.1192945267701653,0.2226113056528264,0.6180185079574585
1064,1978,0.7334470952154087,0.46626303132501506,0.5525,1.0000000000000007,0.5801587793609557,0.7343044090741088,0.0,mode,0.0024927854537963867,0.05956101417541504,7,4,1.8111965327864752,0.8044022011005503,-0.042374759912490845
1064,1978,1.0,1.0,1.0,1.0,1.0,1.0,0.0,deint,0.0024927854537963867,0.05956101417541504,4,4,1.0507815696503076,0.35467733866933465,0.36495891213417053
1065,1978,0.7758554177634018,0.5292570486323059,0.654,1.0000000000000002,0.6346273667290375,0.7764795569267328,0.0,mode,0.0024927854537963867,0.0610811710357666,6,4,1.6645610882891937,0.6558279139569785,0.17581060528755188
1065,1978,1.0,1.0,1.0,1.0000000000000002,1.0,1.0000000000000002,0.0,deint,0.0024927854537963867,0.0610811710357666,4,4,1.0563760202013686,0.15157578789394696,0.637958824634552
1066,1978,0.918539308878856,0.9533737486677599,0.8905,1.0,0.8498075478514472,0.9188064443120035,0.0,mode,0.0024927854537963867,0.061972856521606445,6,4,1.2831626630959136,0.24112056028014006,0.5748361349105835
1066,1978,1.0,1.0,1.0,1.0,1.0,1.0,0.0,deint,0.0024927854537963867,0.061972856521606445,4,4,1.0904413163299558,0.112056028014007,0.710308849811554
1067,1979,0.3483069669055054,0.09460070761425202,0.2795,0.9999999999999987,0.2133406905021539,0.35165834653391626,0.0,mode,0.0024927854537963867,0.06611227989196777,9,4,1.877418187718065,0.9114557278639319,0.07634532451629639
1067,1979,1.0,1.0,1.0,1.0,1.0,1.0,0.0,deint,0.0024927854537963867,0.06611227989196777,4,4,0.4005296923210815,0.05052526263131566,0.09326817095279694
1068,1979,0.8585331408923065,0.9952040581541809,0.983,0.9999999999999999,0.7536684574629777,0.8595335729004394,0.0,mode,0.002492249011993408,0.060373544692993164,6,2,0.14528331580487502,0.03751875937968985,0.9647353291511536
1068,1979,1.0,1.0,1.0,1.0,1.0,1.0,0.0,deint,0.002492249011993408,0.060373544692993164,2,2,0.10949545276996787,0.029014507253626812,0.9709826707839966
1069,1979,0.856828759040494,0.9947684400058623,0.9815,1.0,0.7510789630037197,0.8578470518717828,0.0,mode,0.002492249011993408,0.07022380828857422,6,2,0.15565187476340567,0.0400200100050025,0.967689573764801
1069,1979,1.0,1.0,1.0,1.0,1.0,1.0,0.0,deint,0.002492249011993408,0.07022380828857422,2,2,0.11690684893753106,0.030015007503751877,0.9732593894004822
1070,1979,0.8543514037447214,0.9948062852324313,0.982,1.0000000000000002,0.7473372301119634,0.8554012553879786,0.0,mode,0.002492249011993408,0.06033158302307129,6,2,0.15397320162262673,0.03951975987993997,0.9681950807571411
1070,1979,1.0,1.0,1.0,1.0,1.0,1.0,0.0,deint,0.002492249011993408,0.06033158302307129,2,2,0.11506990626052699,0.030015007503751877,0.9762080311775208
1071,1979,0.8606038478158662,0.9955521633306306,0.9845,0.9999999999999999,0.7568182889116266,0.8615783358909429,0.0,mode,0.002492249011993408,0.06957554817199707,6,2,0.1371806178902242,0.03501750875437719,0.977127194404602
1071,1979,1.0,1.0,1.0,1.0,1.0,1.0,0.0,deint,0.002492249011993408,0.06957554817199707,2,2,0.10382080075761012,0.027013506753376687,0.9809367060661316
1072,1980,0.7412737711114545,0.36708410422258303,0.5545,1.0,0.5910672482654623,0.7429821070226008,0.0,mode,0.0025243759155273438,0.04548454284667969,10,6,2.2085996506811547,0.7793896948474237,0.01700585149228573
1072,1980,1.0,1.0,1.0,1.0,1.0,1.0,0.0,deint,0.0025243759155273438,0.04548454284667969,5,5,1.2628378392517603,0.3676838419209605,0.1656983643770218
1073,1980,0.8255461028285228,0.9453623375930005,0.858,1.0000000000000002,0.7046622788597541,0.826747077821305,0.0,mode,0.0025243759155273438,0.06664896011352539,8,4,0.9806749873866419,0.33766883441720863,0.7423995137214661
1073,1980,1.0,1.0,1.0,1.0,1.0,1.0,0.0,deint,0.0025243759155273438,0.06664896011352539,4,4,0.6910446715963614,0.23911955977988994,0.7740628719329834
1074,1980,0.7241171247124655,0.7606907708803463,0.9065,0.9999999999999999,0.5715025631788683,0.727332651653868,0.0,mode,0.0025243759155273438,0.07873988151550293,9,4,0.648072264495808,0.13206603301650827,-0.0557505264878273
1074,1980,1.0,1.0,1.0,1.0,1.0,1.0,0.0,deint,0.0025243759155273438,0.07873988151550293,4,4,0.37037496039884005,0.07753876938469234,0.8574601411819458
1075,1980,0.7403276474527645,0.8403392046816728,0.9665,1.000000000000005,0.5915609693967754,0.743372048914955,0.0,mode,0.0025243759155273438,0.06943082809448242,10,3,0.2770240182450512,0.06653326663331666,-0.017153488472104073
1075,1980,1.0,1.0,1.0,1.0,1.0,1.0,0.0,deint,0.0025243759155273438,0.06943082809448242,3,3,0.16387659707079247,0.032016008004002,0.9270892143249512
1076,1980,0.8932268821653259,0.9951065001517221,0.9705,0.9999999999999999,0.8096147445144171,0.8947923827086908,0.0,mode,0.0024873018264770508,0.061493635177612305,9,4,0.3063881936804733,0.07003501750875438,0.7718347907066345
1076,1980,1.0,1.0,1.0,1.0,1.0,1.0,0.0,deint,0.0024873018264770508,0.061493635177612305,3,3,0.20181503617128654,0.0335167583791896,0.9357735514640808
1077,1981,0.7834431101677128,0.5951221924665065,0.65,1.0,0.6456845232570267,0.784700243737034,0.0,mode,0.0024873018264770508,0.05577707290649414,10,5,1.9134345682135567,0.5662831415707854,0.31996777653694153
1077,1981,0.9953955553992334,0.9992742321823577,0.998,1.0,0.9908596691170205,0.9954088522537435,0.0,deint,0.0024873018264770508,0.05577707290649414,5,4,1.0505244714766073,0.3631815907953977,0.46608296036720276
1078,1981,0.8050623563497252,0.6121403927401331,0.6885,1.0000000000000002,0.6747794684493824,0.8058129218339848,0.0,mode,0.0024873018264770508,0.05595207214355469,9,4,1.911903932827912,0.6253126563281641,0.47155052423477173
1078,1981,0.9518234256988681,0.9744669364192283,0.9475,1.0,0.9081982035128396,0.9518908484882962,0.0,deint,0.0024873018264770508,0.05595207214355469,4,3,1.1283837942157833,0.3371685842921461,0.34085458517074585
1079,1981,0.9172085523782836,0.9129025537391043,0.8625,1.0,0.847441248418354,0.91742159502379,0.0,mode,0.0024873018264770508,0.054361820220947266,6,4,1.5855763489727313,0.3891945972986493,0.30416160821914673
1079,1981,1.0,1.0,1.0,1.0,1.0,1.0,0.0,deint,0.0024873018264770508,0.054361820220947266,3,3,0.9684616570337281,0.2976488244122061,0.36102160811424255
1080,1981,0.6722246933350654,0.5617820624532578,0.699,1.0000000000000002,0.5073550049332197,0.6731725483018475,0.0,mode,0.002493560314178467,0.06766128540039062,7,3,1.412537279904962,0.4102051025512756,0.08321861177682877
1080,1981,1.0,1.0,1.0,1.0,1.0,1.0,0.0,deint,0.002493560314178467,0.06766128540039062,2,2,0.5368484027613973,0.25512756378189094,0.7871686220169067
1081,1981,0.9675094752420674,0.9959521909579829,0.973,1.0,0.9372073730773505,0.967586006642696,0.0,mode,0.002493560314178467,0.07071733474731445,5,3,0.9263342240985062,0.7208604302151076,0.4235903322696686
1081,1981,1.0,1.0,1.0,1.0,1.0,1.0,0.0,deint,0.002493560314178467,0.07071733474731445,2,2,0.22003254032230574,0.10355177588794397,0.8514977097511292
1082,1982,0.8934537082370876,0.9883165451778038,0.936,0.9960159330226912,0.8131492195950627,0.8953406796165169,0.1,mode,0.002493560314178467,0.05685162544250488,11,6,0.6390157963376216,0.1535767883941971,0.8903114795684814
1082,1982,0.9896234776990356,0.9972714872273581,0.999,0.9897064377392607,0.9896744501152461,0.9896904436687868,0.15,deint,0.002493560314178467,0.05685162544250488,5,5,0.5026942981547357,0.09854927463731866,0.8826376795768738
1083,1982,0.8235190701340895,0.7462748993416134,0.72,0.9981966931711639,0.7036677760916444,0.8254462795031412,0.05,mode,0.002493560314178467,0.04542827606201172,15,7,2.0500436928170656,0.48874437218609307,0.3382693827152252
1083,1982,0.9977145051848151,0.9998887215026747,0.9955,0.9999999999999999,0.9954636179056974,0.997726652566553,0.0,deint,0.002493560314178467,0.04542827606201172,7,6,1.4486729951994817,0.3026513256628314,0.24672268331050873
1084,1982,0.7088142976457656,0.5019203462380467,0.4845,1.0,0.5513050569482744,0.7107629211662613,0.0,mode,0.002514779567718506,0.0640113353729248,12,4,1.718864224845038,0.8814407203601801,0.2543230950832367
1084,1982,0.9999999999999999,1.0,1.0,0.9999999999999999,1.0,0.9999999999999999,0.0,deint,0.002514779567718506,0.0640113353729248,4,4,0.9476185396261113,0.33166583291645824,0.5164459347724915
1085,1982,0.7650983236762714,0.6509198486021264,0.567,1.0000000000000002,0.621069434907586,0.7662465549391991,0.0,mode,0.002514779567718506,0.05732560157775879,12,4,2.121110443940848,0.753376688344172,-0.03953781723976135
1085,1982,1.0,1.0,1.0,1.0,1.0,1.0,0.0,deint,0.002514779567718506,0.05732560157775879,4,4,1.3173568651402041,0.38019009504752377,0.20118404924869537
1086,1982,0.7113930938660397,0.5436381407374962,0.639,1.0000000000000004,0.554229174459089,0.7131884841268339,0.0,mode,0.002514779567718506,0.07270383834838867,11,4,1.625458352522647,0.6583291645822912,0.606809675693512
1086,1982,1.0000000000000002,1.0,1.0,1.0000000000000002,1.0,1.0000000000000002,0.0,deint,0.002514779567718506,0.07270383834838867,4,4,0.9008764410459094,0.29464732366183094,0.4959262013435364
1087,1983,0.8641909126919424,0.8573375772419953,0.7515,0.9999999999999999,0.7625434364659491,0.8652761919954881,0.0,mode,0.002514779567718506,0.05799531936645508,12,6,2.03898713527705,0.6593296648324162,-0.09763063490390778
1087,1983,1.0,1.0,1.0,1.0,1.0,1.0,0.0,deint,0.002514779567718506,0.05799531936645508,5,5,1.459075556771191,0.4812406203101551,0.19220571219921112
1088,1983,0.8059567186617999,0.5700550911123722,0.591,0.9999999999999999,0.6772099418854371,0.8075434386277854,0.0,mode,0.002479732036590576,0.052106618881225586,15,6,2.5329753815306324,0.7243621810905453,-0.07199554890394211
1088,1983,0.9990105437849107,0.9997961227622064,0.9995,0.9999999999999999,0.9980292641123099,0.9990136601484835,0.0,deint,0.002479732036590576,0.052106618881225586,6,5,1.518981696656994,0.49074537268634316,0.1531413197517395
1089,1983,0.8323792889464842,0.9260259342557107,0.7805,1.0,0.7156755361374818,0.8342784181077613,0.0,mode,0.002479732036590576,0.06659078598022461,14,6,1.6112074386007758,0.46323161580790395,-0.010092872194945812
1089,1983,1.0,1.0,1.0,1.0,1.0,1.0,0.0,deint,0.002479732036590576,0.06659078598022461,5,5,1.1368475839588938,0.3391695847923962,0.18952587246894836
1090,1983,0.8063256083799004,0.6986338493126494,0.6365,1.0,0.6772226069058065,0.8075524430894337,0.0,mode,0.002479732036590576,0.056318044662475586,13,5,2.2911996397890566,0.7863931965982992,0.15472286939620972
1090,1983,1.0,1.0,1.0,1.0,1.0,1.0,0.0,deint,0.002479732036590576,0.056318044662475586,4,4,1.2380254703360452,0.2756378189094547,0.07791978865861893
1091,1983,0.7883752639976437,0.9143269994889893,0.77,1.0,0.6517550433656335,0.7891667060239278,0.0,mode,0.002479732036590576,0.07061243057250977,9,3,1.3150207708327608,0.29464732366183094,0.6577447056770325
1091,1983,1.0,1.0,1.0,1.0,1.0,1.0,0.0,deint,0.002479732036590576,0.07061243057250977,3,3,0.857071419807394,0.10055027513756878,0.6971045136451721
1092,1984,0.7175947283992101,0.46782109811258715,0.552,1.0000000000000002,0.5608845316736539,0.7186752386766844,0.0,mode,0.0025006532669067383,0.06314635276794434,9,4,2.0361776967536276,0.704352176088044,-0.022541290149092674
1092,1984,0.9708778351585811,0.9879302237778202,0.97,1.0000000000000002,0.9435463673354451,0.9709532874474452,0.0,deint,0.0025006532669067383,0.06314635276794434,5,4,1.2103915752504832,0.3891945972986493,0.013533283025026321
1093,1984,0.9284321587426844,0.9875922882263781,0.928,0.9999999999999998,0.8674866221841617,0.9290418596622371,0.0,mode,0.0025006532669067383,0.08057475090026855,9,5,1.043040232202181,0.2496248124062031,0.6643577218055725
1093,1984,1.0,1.0,1.0,1.0,1.0,1.0,0.0,deint,0.0025006532669067383,0.08057475090026855,5,5,0.9048234481159918,0.20560280140070036,0.6739051342010498
1094,1984,0.9523113757433559,0.9985813819495706,0.981,1.0000000000000002,0.9102116135765119,0.9529955813348994,0.0,mode,0.0025006532669067383,0.0760183334350586,9,5,0.38142502695942904,0.13506753376688344,0.9583595991134644
1094,1984,1.0,1.0,1.0,1.0,1.0,1.0,0.0,deint,0.0025006532669067383,0.0760183334350586,5,5,0.3471774895663968,0.1265632816408204,0.9589580297470093
1095,1984,0.9511813613849144,0.9985100030072761,0.9805,1.0,0.908191628885037,0.9518872372537307,0.0,mode,0.0025006532669067383,0.058957576751708984,9,5,0.38093216014925135,0.13506753376688344,0.9553043246269226
1095,1984,0.9999999999999999,1.0,1.0,0.9999999999999999,1.0,0.9999999999999999,0.0,deint,0.0025006532669067383,0.058957576751708984,5,5,0.3459593993380168,0.12606303151575787,0.9525061845779419
1096,1984,0.946596958663313,0.9983264387640756,0.9815,1.0,0.8999826394980617,0.947358802958136,0.2,mode,0.0025230050086975098,0.06895637512207031,9,5,0.35038339761906057,0.11905952976488245,0.9248672127723694
1096,1984,1.0,1.0,1.0,1.0,1.0,1.0,0.2,deint,0.0025230050086975098,0.06895637512207031,5,5,0.31533897533548527,0.11005502751375688,0.9216514229774475
1097,1985,0.5426740072470642,0.22404264750630104,0.3805,1.0,0.3746758364898805,0.5451115478200066,0.0,mode,0.0025230050086975098,0.051920413970947266,11,4,2.104959622321418,0.8514257128564282,0.0924433171749115
1097,1985,0.963186084261017,0.9858593216960616,0.983,1.0,0.9292442906270666,0.9633246501147165,0.0,deint,0.0025230050086975098,0.051920413970947266,5,4,0.8487300004673817,0.2736368184092046,0.1423417180776596
1098,1985,0.5932459324495136,0.3291535942410949,0.498,1.0000000000000002,0.42284046019685634,0.5943610292588314,0.0,mode,0.0025230050086975098,0.06447410583496094,8,3,1.8408486659724832,0.7263631815907954,0.3695725202560425
1098,1985,1.0,1.0,1.0,1.0,1.0,1.0,0.0,deint,0.0025230050086975098,0.06447410583496094,3,3,0.7783852971108465,0.16108054027013508,0.5038263201713562
1099,1985,0.3923778418109724,0.14048881198944188,0.3605,0.9999999999999999,0.24468093169851926,0.3931624972588311,0.0,mode,0.0025230050086975098,0.06752967834472656,7,2,1.8760895415158716,0.9019509754877438,0.24376682937145233
1099,1985,1.0,1.0,1.0,1.0,1.0,1.0,0.0,deint,0.0025230050086975098,0.06752967834472656,2,2,0.45904333693922816,0.17658829414707353,0.5124588012695312
1100,1985,0.47387706553735426,0.22380649742467285,0.339,0.9999999999999993,0.311119028942396,0.47458548320110605,0.0,mode,0.002509176731109619,0.05161571502685547,8,2,1.9899157768691755,0.76088044022011,0.10973826050758362
1100,1985,1.0,1.0,1.0,1.0,1.0,1.0,0.0,deint,0.002509176731109619,0.05161571502685547,2,2,0.619100664225587,0.14107053526763383,0.5318076610565186
1101,1985,0.6378202158141102,0.6039621326112499,0.625,1.0000000000000002,0.4686857155358421,0.6382382705544932,0.0,mode,0.002509176731109619,0.06453680992126465,6,2,1.4788783980290223,0.5937968984492246,0.4221815764904022
1101,1985,1.0,1.0,1.0,1.0,1.0,1.0,0.0,deint,0.002509176731109619,0.06453680992126465,2,2,0.6931291802519437,0.2061030515257629,0.5807322859764099
1102,1986,0.8436480503343285,0.9709225179446048,0.912,1.0000000000000002,0.7313688824412806,0.8448446658115158,0.0,mode,0.002509176731109619,0.0683283805847168,7,4,0.6136861021828655,0.1660830415207604,0.8886454105377197
1102,1986,1.0,1.0,1.0,1.0,1.0,1.0,0.0,deint,0.002509176731109619,0.0683283805847168,4,4,0.4488309188351859,0.080040020010005,0.8840511441230774
1103,1986,0.9002874446749868,0.9922946134606305,0.9655,0.9999999999999998,0.8206095178857165,0.9014667997986681,0.0,mode,0.002509176731109619,0.05858159065246582,7,4,0.3715188617021542,0.10655327663831916,0.9534670114517212
1103,1986,1.0,1.0,1.0,1.0,1.0,1.0,0.0,deint,0.002509176731109619,0.05858159065246582,4,4,0.3048719141612817,0.08554277138569284,0.9490171670913696
1104,1986,0.8807088941520891,0.9896996644972179,0.96,0.9999999999999997,0.7888363884388955,0.8819547651613988,0.0,mode,0.0025157928466796875,0.07027244567871094,7,4,0.3636552276066175,0.10055027513756878,0.9231381416320801
1104,1986,1.0,1.0,1.0,1.0,1.0,1.0,0.0,deint,0.0025157928466796875,0.07027244567871094,4,4,0.28686447653431424,0.07553776888444222,0.9186550974845886
1105,1986,0.875911814386096,0.9912125668329175,0.9655,0.9999999999999999,0.7808724815666596,0.876954964096828,0.0,mode,0.0025157928466796875,0.06226301193237305,6,3,0.2938401040265295,0.08104052026013006,0.9565801620483398
1105,1986,1.0,1.0,1.0,1.0,1.0,1.0,0.0,deint,0.0025157928466796875,0.06226301193237305,3,3,0.22945165138352505,0.062031015507753876,0.9589515924453735
1106,1986,0.8660045863679291,0.9888431760494946,0.959,0.9999999999999998,0.7652540272894919,0.8670185882136433,0.0,mode,0.0025157928466796875,0.0700836181640625,6,3,0.3276506816475422,0.09104552276138068,0.9334959983825684
1106,1986,1.0,1.0,1.0,1.0,1.0,1.0,0.0,deint,0.0025157928466796875,0.0700836181640625,3,3,0.2507360038340813,0.06603301650825413,0.9374635219573975
1107,1987,0.9329492158216157,0.9624954227801001,0.88,0.9999999999999999,0.8752275066703101,0.9334627436479757,0.0,mode,0.0025157928466796875,0.046148061752319336,10,6,1.6224793820332495,0.6703351675837919,0.364609032869339
1107,1987,0.996152259614078,0.999494616142086,0.9975,1.0000000000000002,0.9923643015755197,0.9961675189530138,0.0,deint,0.0025157928466796875,0.046148061752319336,6,5,1.2861967972420598,0.5902951475737869,0.40052077174186707
1108,1987,0.9169451751771828,0.9307889541847792,0.8555,1.0000000000000002,0.847284620716855,0.9173298052880003,0.0,mode,0.0024881362915039062,0.05189061164855957,8,5,1.6679527280949538,0.678839419709855,0.4073621928691864
1108,1987,1.0,1.0,1.0,1.0000000000000002,1.0,1.0000000000000002,0.0,deint,0.0024881362915039062,0.05189061164855957,5,5,1.4132306947754039,0.591295647823912,0.3832359313964844
1109,1987,0.7406961362510102,0.4492559218459043,0.5895,0.9999999999999996,0.5892885230839521,0.7415752577643495,0.0,mode,0.0024881362915039062,0.06287360191345215,7,4,1.7189841781706974,0.7838919459729865,0.41205134987831116
1109,1987,1.0,1.0,1.0,1.0,1.0,1.0,0.0,deint,0.0024881362915039062,0.06287360191345215,4,4,1.0129776475713939,0.32566283141570784,0.3652072250843048
1110,1987,0.8843881671139655,0.9185676463255376,0.8375,0.9999999999999998,0.7933460036920426,0.8847662437240166,0.0,mode,0.0024881362915039062,0.07037615776062012,6,4,1.2971458467194834,0.45672836418209106,0.60277259349823
1110,1987,1.0,1.0,1.0,1.0,1.0,1.0,0.0,deint,0.0024881362915039062,0.07037615776062012,4,4,1.0290854737766408,0.3366683341670835,0.570704996585846
1111,1987,0.7645869762602759,0.5560166236514942,0.627,0.9999999999999998,0.6204873329302758,0.7658033732460817,0.0,mode,0.0024881362915039062,0.06757903099060059,8,5,1.742694724865554,0.5207603801900951,0.4229096472263336
1111,1987,1.0,1.0,1.0,1.0,1.0,1.0,0.0,deint,0.0024881362915039062,0.06757903099060059,4,4,0.8879789062299195,0.3231615807903952,0.6377010345458984
1112,1988,0.9538248089268697,0.9779750664650229,0.9445,1.0,0.9121260390554776,0.9540438448357049,0.0,mode,0.002478480339050293,0.06558632850646973,6,5,1.1455142341339335,0.3611805902951476,0.03990498557686806
1112,1988,1.0,1.0,1.0,1.0,1.0,1.0,0.0,deint,0.002478480339050293,0.06558632850646973,5,5,1.0448533611095294,0.3341670835417709,-0.03711510822176933
1113,1988,0.9601157953883873,0.9769325841400575,0.971,0.9999999999999996,0.9234988368386515,0.960228120913719,0.0,mode,0.002478480339050293,0.06699705123901367,5,4,1.1283779098322742,0.2771385692846423,0.496107816696167
1113,1988,1.0,1.0,1.0,1.0,1.0,1.0,0.0,deint,0.002478480339050293,0.06699705123901367,4,4,1.0420556873062838,0.24212106053026514,0.4412188231945038
1114,1988,0.7752917229519412,0.6800673575368994,0.889,0.9999999999999987,0.6336885949124547,0.7757764813757693,0.0,mode,0.002478480339050293,0.08015608787536621,4,3,0.8850993607842783,0.19809904952476237,0.13586124777793884
1114,1988,1.0,1.0,1.0,1.0,1.0,1.0,0.0,deint,0.002478480339050293,0.08015608787536621,3,3,0.5608773702467772,0.19809904952476237,0.2750524878501892
1115,1988,1.0,1.0,1.0,1.0,1.0,1.0,0.0,mode,0.002478480339050293,0.06831192970275879,2,2,0.4067746302543399,0.14157078539269635,0.8649278283119202
1115,1988,1.0,1.0,1.0,1.0,1.0,1.0,0.0,deint,0.002478480339050293,0.06831192970275879,2,2,0.4067746302543399,0.14157078539269635,0.8649278283119202
1116,1988,1.0,1.0,1.0,1.0,1.0,1.0,0.0,mode,0.0025032758712768555,0.05280184745788574,3,3,0.46066317363783976,0.192096048024012,0.40347930788993835
1116,1988,1.0,1.0,1.0,1.0,1.0,1.0,0.0,deint,0.0025032758712768555,0.05280184745788574,3,3,0.4606631736378397,0.192096048024012,0.40347930788993835
1117,1989,1.0,1.0,1.0,1.0,1.0,1.0,0.0,mode,0.0025032758712768555,0.07391858100891113,1,1,-1.000000082690371e-10,0.0,0.0
1117,1989,1.0,1.0,1.0,1.0,1.0,1.0,0.0,deint,0.0025032758712768555,0.07391858100891113,1,1,-1.000000082690371e-10,0.0,0.0
1118,1989,1.0,1.0,1.0,1.0,1.0,1.0,0.0,mode,0.0025032758712768555,0.07152748107910156,1,1,-1.000000082690371e-10,0.0,0.0
1118,1989,1.0,1.0,1.0,1.0,1.0,1.0,0.0,deint,0.0025032758712768555,0.07152748107910156,1,1,-1.000000082690371e-10,0.0,0.0
1119,1989,1.0,1.0,1.0,1.0,1.0,1.0,0.0,mode,0.0025032758712768555,0.06670904159545898,1,1,-1.000000082690371e-10,0.0,0.0
1119,1989,1.0,1.0,1.0,1.0,1.0,1.0,0.0,deint,0.0025032758712768555,0.06670904159545898,1,1,-1.000000082690371e-10,0.0,0.0
1120,1989,1.0,1.0,1.0,1.0,1.0,1.0,0.0,mode,0.002526223659515381,0.07050108909606934,1,1,-1.000000082690371e-10,0.0,0.0
1120,1989,1.0,1.0,1.0,1.0,1.0,1.0,0.0,deint,0.002526223659515381,0.07050108909606934,1,1,-1.000000082690371e-10,0.0,0.0
1121,1989,1.0,1.0,1.0,1.0,1.0,1.0,0.0,mode,0.002526223659515381,0.07094383239746094,1,1,-1.000000082690371e-10,0.0,0.0
1121,1989,1.0,1.0,1.0,1.0,1.0,1.0,0.0,deint,0.002526223659515381,0.07094383239746094,1,1,-1.000000082690371e-10,0.0,0.0
1122,1990,1.0000000000000002,1.0,1.0,1.0000000000000002,1.0,1.0000000000000002,0.0,mode,0.002526223659515381,0.04950118064880371,4,4,0.9774828769563675,0.1310655327663832,0.08919092267751694
1122,1990,1.0000000000000002,1.0,1.0,1.0000000000000002,1.0,1.0000000000000002,0.0,deint,0.002526223659515381,0.04950118064880371,3,3,0.7079791583745892,0.1310655327663832,0.492737740278244
1123,1990,0.8287190313682463,0.8108739051866726,0.8665,1.0,0.7076818051618224,0.8288216259290312,0.0,mode,0.002526223659515381,0.0506899356842041,3,2,0.9790200097471617,0.1025512756378189,0.41469207406044006
1123,1990,1.0,1.0,1.0,1.0,1.0,1.0,0.0,deint,0.002526223659515381,0.0506899356842041,2,2,0.6928346477997211,0.1025512756378189,0.6927894353866577
1124,1991,0.9089833230875543,0.9262093997781785,0.8695,0.9999999999999998,0.8333771953472261,0.9091170081772413,0.0,mode,0.0024758577346801758,0.06788778305053711,4,3,1.1183199997300681,0.3601800900450225,0.4639492928981781
1124,1991,1.0,1.0,1.0,1.0,1.0,1.0,0.0,deint,0.0024758577346801758,0.06788778305053711,3,3,0.9319823849091058,0.24062031015507754,0.6087808609008789
1125,1991,0.8966682704698555,0.9102970613935906,0.852,1.0000000000000002,0.8129475482752768,0.8968241238403876,0.0,mode,0.0024758577346801758,0.06014108657836914,4,3,1.1024047143557452,0.4367183591795898,0.07573091238737106
1125,1991,1.0,1.0,1.0,1.0,1.0,1.0,0.0,deint,0.0024758577346801758,0.06014108657836914,3,3,0.8961972097677887,0.3021510755377689,0.238813117146492
1126,1991,0.9098962229248544,0.9609064355638643,0.904,1.0,0.8349980234096473,0.9100805698505555,0.0,mode,0.0024758577346801758,0.06563234329223633,4,3,0.8128276286871543,0.3196598299149575,-0.08970855176448822
1126,1991,1.0,1.0,1.0,1.0,1.0,1.0,0.0,deint,0.0024758577346801758,0.06563234329223633,3,3,0.6787094633605237,0.24362181090545273,0.015811556950211525
1127,1991,0.7793096269858217,0.5769948293063094,0.673,0.9999999999999999,0.6392078143119363,0.7798984469583512,0.1,mode,0.0024758577346801758,0.05498218536376953,5,4,1.2564525338631969,0.5127563781890946,0.08618728816509247
1127,1991,1.0,1.0,1.0,1.0,1.0,1.0,0.1,deint,0.0024758577346801758,0.05498218536376953,4,4,0.8031342778769924,0.10605302651325663,0.3618534207344055
1128,1991,0.8820280479056051,0.9602275615332664,0.911,1.0,0.7891287182448978,0.8821374451124103,0.0,mode,0.002487480640411377,0.06782865524291992,3,2,0.6059200254501969,0.26413206603301653,0.656533420085907
1128,1991,1.0,1.0,1.0,1.0,1.0,1.0,0.0,deint,0.002487480640411377,0.06782865524291992,2,2,0.4781488930791683,0.19109554777388693,0.7622993588447571
1129,1992,0.9438394489883108,0.990688951253064,0.9475,1.0,0.8943981145976238,0.9442557060268156,0.0,mode,0.002487480640411377,0.06566762924194336,8,5,1.0119801002029467,0.22161080540270134,0.761996865272522
1129,1992,1.0,1.0,1.0,1.0,1.0,1.0,0.0,deint,0.002487480640411377,0.06566762924194336,5,5,0.9051130938473486,0.19109554777388693,0.7523254156112671
1130,1992,0.9527975871867553,0.998705391397904,0.9885,0.9906397376030684,0.9190357800362359,0.9534953509886164,0.05,mode,0.002487480640411377,0.06775879859924316,8,6,0.27069554328668827,0.08454227113556778,0.9692791700363159
1130,1992,0.9999999999999999,1.0,1.0,0.9999999999999999,1.0,0.9999999999999999,0.0,deint,0.002487480640411377,0.06775879859924316,5,5,0.24877889001204284,0.080040020010005,0.9653800129890442
1131,1992,0.971389822905433,0.9993616445411877,0.9925,1.0000000000000002,0.9450371260710866,0.9717419923804044,0.0,mode,0.002487480640411377,0.06035113334655762,8,5,0.278348682802449,0.09654827413706854,0.9704222083091736
1131,1992,1.0,1.0,1.0,1.0,1.0,1.0,0.0,deint,0.002487480640411377,0.06035113334655762,5,5,0.2630498394973286,0.09354677338669334,0.9720346331596375
1132,1992,0.9341667847741991,0.9982404034623116,0.991,1.0000000000000002,0.877677770399552,0.9348545146942764,0.0,mode,0.002533257007598877,0.07351303100585938,7,4,0.158353817982285,0.03901950975487744,0.977969229221344
1132,1992,1.0,1.0,1.0,1.0,1.0,1.0,0.0,deint,0.002533257007598877,0.07351303100585938,4,4,0.13898362611532286,0.03501750875437719,0.9792205691337585
1133,1992,0.9155542338349504,0.9975788736477779,0.9885,1.0,0.845641588995135,0.9163659878899316,0.05,mode,0.002533257007598877,0.06170344352722168,7,4,0.15016447426946983,0.03601800900450225,0.9787980914115906
1133,1992,1.0,1.0,1.0,1.0,1.0,1.0,0.05,deint,0.002533257007598877,0.06170344352722168,4,4,0.12698532482380262,0.031015507753876938,0.9773828387260437
1134,1993,0.3285938913193714,0.11538723143502473,0.3795,0.9999999999999996,0.19707507693453422,0.3292610141699774,0.0,mode,0.002533257007598877,0.07086968421936035,4,2,1.2738523147934122,0.9634817408704353,0.10891128331422806
1134,1993,1.0,1.0,1.0,1.0,1.0,1.0,0.0,deint,0.002533257007598877,0.07086968421936035,2,2,0.2510445428199767,0.06503251625812906,0.7212516069412231
1135,1993,0.41771534587855363,0.17227481080599077,0.408,0.9999999999999977,0.2644132166513461,0.4182386156190524,0.0,mode,0.002533257007598877,0.059102535247802734,4,2,1.3262442095573208,0.9444722361180591,0.1271548718214035
1135,1993,1.0,1.0,1.0,1.0,1.0,1.0,0.0,deint,0.002533257007598877,0.059102535247802734,2,2,0.3506764974200394,0.11305652826413207,0.7098670601844788
1136,1993,0.6869303555113342,0.5741929988583655,0.622,1.0000000000000002,0.5234224789727935,0.6871665426989426,0.0,mode,0.0024957656860351562,0.0607454776763916,4,2,1.3070552848182417,0.6338169084542271,0.411525696516037
1136,1993,1.0,1.0,1.0,1.0,1.0,1.0,0.0,deint,0.0024957656860351562,0.0607454776763916,2,2,0.6841421173434236,0.1340670335167584,0.7813512682914734
1137,1993,0.0,0.0,0.3335,1.0,0.0,0.0,0.0,mode,0.0024957656860351562,0.06367826461791992,3,1,1.0986120383264117,1.0,0.0589386522769928
1137,1993,1.0,1.0,1.0,1.0,1.0,1.0,0.0,deint,0.0024957656860351562,0.06367826461791992,1,1,-1.000000082690371e-10,0.0,0.0
1138,1993,0.0,0.0,0.3335,1.0,0.0,0.0,0.0,mode,0.0024957656860351562,0.0736696720123291,3,1,1.0986120383264117,1.0,0.055872850120067596
1138,1993,1.0,1.0,1.0,1.0,1.0,1.0,0.0,deint,0.0024957656860351562,0.0736696720123291,1,1,-1.000000082690371e-10,0.0,0.0
1139,1994,0.8738324759653109,0.8204074279548681,0.791,0.9894203756264022,0.7837501028349214,0.8746573784795544,0.0,mode,0.0024957656860351562,0.04147481918334961,9,6,1.777572947560109,0.4577288644322161,0.17517779767513275
1139,1994,1.0,1.0,1.0,1.0,1.0,1.0,0.0,deint,0.0024957656860351562,0.04147481918334961,5,5,1.3789902318559324,0.27613806903451726,0.22821983695030212
1140,1994,0.6440163181614252,0.41598052071334013,0.5365,0.999999999999999,0.47613510881339915,0.6451104725720443,0.0,mode,0.002486288547515869,0.05949234962463379,7,3,1.3750823219327069,0.30665332666333167,0.5917267799377441
1140,1994,0.9856503887769897,0.9985285357204641,0.9945,1.0,0.9717733326652196,0.9856846287211792,0.0,deint,0.002486288547515869,0.05949234962463379,4,3,0.6737424756550225,0.24312156078039018,0.11973796039819717
1141,1994,0.9510566871990833,0.998616359155698,0.9905,0.9999999999999998,0.9076632791159871,0.9515969501038978,0.0,mode,0.002486288547515869,0.061585426330566406,6,4,0.17678066045396185,0.054527263631815905,0.953984797000885
1141,1994,1.0,1.0,1.0,1.0,1.0,1.0,0.0,deint,0.002486288547515869,0.061585426330566406,3,3,0.10928581587210816,0.03301650825412707,0.9359897375106812
1142,1994,0.9759597237938906,0.9994678489031834,0.9925,1.0000000000000002,0.9534491016798176,0.9761698944292164,0.0,mode,0.002486288547515869,0.07253050804138184,6,4,0.3105397875795563,0.13006503251625812,0.9593114256858826
1142,1994,0.9999999999999999,1.0,1.0,0.9999999999999999,1.0,0.9999999999999999,0.0,deint,0.002486288547515869,0.07253050804138184,3,3,0.10293778190370712,0.030015007503751877,0.833557665348053
1143,1994,0.915720298748076,0.9786894347003798,0.921,1.0,0.8452836016504196,0.9161557615256527,0.0,mode,0.002486288547515869,0.055829763412475586,7,4,0.8939535478011753,0.20110055027513757,0.8865108489990234
1143,1994,1.0,1.0,1.0,1.0,1.0,1.0,0.0,deint,0.002486288547515869,0.055829763412475586,3,3,0.40951539298845474,0.030015007503751877,0.5581938624382019
1144,1995,0.694258337838021,0.3982211697953219,0.552,1.0000000000000002,0.5322881481444958,0.6947624685201189,0.0,mode,0.0025213956832885742,0.0556797981262207,5,3,1.5888867527337884,0.6518259129564783,0.2757226228713989
1144,1995,1.0,1.0,1.0,1.0,1.0,1.0,0.0,deint,0.0025213956832885742,0.0556797981262207,3,3,0.8457455871901334,0.135567783891946,0.6002590656280518
1145,1995,0.9261621632090706,0.9976884334827444,0.9895,0.9999999999999999,0.8635119308783907,0.9267576091894008,0.0,mode,0.0025213956832885742,0.06914901733398438,5,3,0.13608961340657302,0.03451725862931466,0.9806287288665771
1145,1995,1.0,1.0,1.0,1.0,1.0,1.0,0.0,deint,0.0025213956832885742,0.06914901733398438,3,3,0.11751500497695955,0.02501250625312656,0.9895793199539185
1146,1995,0.9138878322274985,0.9942795012928745,0.9745,1.0000000000000002,0.8426076566376551,0.9145817381169736,0.0,mode,0.0025213956832885742,0.06135082244873047,5,3,0.2721011883495072,0.058029014507253625,0.9502751231193542
1146,1995,1.0,1.0,1.0,1.0,1.0,1.0,0.0,deint,0.0025213956832885742,0.06135082244873047,3,3,0.22927454480480336,0.03251625812906453,0.9712737798690796
1147,1995,0.258395593560206,0.07958759434368666,0.371,1.0000000000000018,0.14889798878536606,0.2592014090698923,0.0,mode,0.0025213956832885742,0.07090473175048828,4,2,1.2325293190384103,0.8379189594797398,0.09460197389125824
1147,1995,1.0,1.0,1.0,1.0,1.0,1.0,0.0,deint,0.0025213956832885742,0.07090473175048828,2,2,0.1835211365833753,0.04502251125562781,0.5877100825309753
1148,1995,0.1406795968219609,0.034123818809044186,0.3425,0.9999999999999999,0.0763950096246774,0.14194604943647068,0.0,mode,0.0024985671043395996,0.06276273727416992,5,2,1.1800498872979057,0.8349174587293647,0.01653774082660675
1148,1995,1.0,1.0,1.0,1.0,1.0,1.0,0.0,deint,0.0024985671043395996,0.06276273727416992,2,2,0.09014992233592059,0.03601800900450225,0.2130289524793625
1149,1996,0.6592067482958754,0.45953059701150284,0.553,0.9999999999999991,0.49270807457707716,0.660153291817188,0.0,mode,0.0024985671043395996,0.06052517890930176,7,3,1.4691527461509377,0.5317658829414708,0.04558899998664856
1149,1996,1.0,1.0,1.0,1.0,1.0,1.0,0.0,deint,0.0024985671043395996,0.06052517890930176,3,3,0.7238634208605501,0.27813906953476736,0.5387200713157654
1150,1996,0.6438651510299636,0.5169013991313418,0.64,0.9999999999999998,0.4759699643651527,0.6449588756636764,0.0,mode,0.0024985671043395996,0.05261731147766113,7,3,1.3340437637077591,0.6453226613306653,0.045455675572156906
1150,1996,1.0,1.0,1.0,1.0,1.0,1.0,0.0,deint,0.0024985671043395996,0.05261731147766113,3,3,0.6349647627067151,0.24562281140570286,0.5160407423973083
1151,1996,0.6851369102039604,0.5679312406244055,0.6315,1.0,0.5213457207816338,0.6853744203701153,0.0,mode,0.0024985671043395996,0.06614851951599121,4,2,1.3090181087978574,0.5977988994497249,0.520462155342102
1151,1996,1.0,1.0,1.0,1.0,1.0,1.0,0.0,deint,0.0024985671043395996,0.06614851951599121,2,2,0.6824509894559686,0.0880440220110055,0.6078843474388123
1152,1996,0.6926239446522101,0.5866653358272165,0.691,0.9999999999999993,0.5306708871627253,0.6933833936652245,0.0,mode,0.0025467276573181152,0.07183122634887695,6,3,1.3449978011940458,0.6118059029514757,0.0278474073857069
1152,1996,1.0,1.0,1.0,1.0,1.0,1.0,0.0,deint,0.0025467276573181152,0.07183122634887695,3,3,0.7137511764099618,0.2726363181590795,0.541950523853302
1153,1996,0.5964790743522301,0.4210649633410517,0.5415,1.0,0.4260645641048001,0.5975389541668592,0.0,mode,0.0025467276573181152,0.05465340614318848,6,3,1.3367036654600546,0.759879939969985,0.3757583498954773
1153,1996,1.0,1.0,1.0,1.0,1.0,1.0,0.0,deint,0.0025467276573181152,0.05465340614318848,3,3,0.5695220645171658,0.23261630815407705,0.6530171036720276
1154,1997,0.9454106145331724,0.9686278577695524,0.9135,1.0,0.89695740209557,0.9456800675699946,0.0,mode,0.0025467276573181152,0.05212998390197754,8,5,1.5234984226438957,0.8489244622311155,0.06244844198226929
1154,1997,1.0,1.0,1.0,1.0,1.0,1.0,0.0,deint,0.0025467276573181152,0.05212998390197754,4,4,0.9162767144527177,0.39919959979989994,0.5018255114555359
1155,1997,0.7454291314479424,0.4620446612221195,0.53,1.0,0.5965971909548219,0.7473358895214335,0.0,mode,0.0025467276573181152,0.042322397232055664,11,6,2.076329798573954,0.583791895947974,0.29097363352775574
1155,1997,1.0,1.0,1.0,1.0,1.0,1.0,0.0,deint,0.0025467276573181152,0.042322397232055664,5,5,0.8737834274357533,0.24912456228114058,-0.12152302265167236
1156,1997,0.9651482689276353,0.999073109321468,0.99,1.0000000000000002,0.9332758610828067,0.9654864883691138,0.0,mode,0.0025148987770080566,0.0646815299987793,6,4,0.25496809663241693,0.09104552276138068,0.9117690324783325
1156,1997,1.0,1.0,1.0,1.0,1.0,1.0,0.0,deint,0.0025148987770080566,0.0646815299987793,4,4,0.23795557009322865,0.08604302151075538,0.911659836769104
1157,1997,0.9629533735770006,0.9989305936458709,0.989,0.9999999999999999,0.9291914186821884,0.9632962387080384,0.2,mode,0.0025148987770080566,0.05911564826965332,6,4,0.26355338052487165,0.096048024012006,0.937191903591156
1157,1997,1.0,1.0,1.0,1.0,1.0,1.0,0.2,deint,0.0025148987770080566,0.05911564826965332,4,4,0.24489153970590705,0.09054527263631816,0.9383415579795837
1158,1997,0.9556719010643311,0.9987865322243032,0.9905,1.0000000000000002,0.9159742662924765,0.956144643910005,0.0,mode,0.0025148987770080566,0.07263851165771484,6,4,0.1942660395425252,0.058529264632316155,0.9603592753410339
1158,1997,1.0,1.0,1.0,1.0,1.0,1.0,0.0,deint,0.0025148987770080566,0.07263851165771484,4,4,0.17794269318509426,0.05302651325662831,0.9629874229431152
1159,1998,0.7443292413922321,0.6119708210650698,0.64,1.0,0.5943231772788663,0.7455491907145648,0.0,mode,0.0025148987770080566,0.04477357864379883,11,4,2.019357601344981,0.6458229114557279,0.24624142050743103
1159,1998,1.0,1.0,1.0,1.0,1.0,1.0,0.0,deint,0.0025148987770080566,0.04477357864379883,4,4,1.2001510259473351,0.407703851925963,0.43629804253578186
1160,1998,0.7042908937612513,0.74299738784259,0.682,1.0000000000000002,0.5446345665463533,0.7051953625045452,0.0,mode,0.0024622678756713867,0.05090665817260742,8,3,1.5187793640189535,0.5177588794397199,0.5388451814651489
1160,1998,1.0,1.0,1.0,1.0,1.0,1.0,0.0,deint,0.0024622678756713867,0.05090665817260742,3,3,0.8271797407377164,0.23561780890445222,0.6643144488334656
1161,1998,0.8260161344661783,0.8393960765181228,0.7715,1.0000000000000002,0.704695837895919,0.8267701747494318,0.0,mode,0.0024622678756713867,0.06411457061767578,9,4,1.6889267456029824,0.36518259129564784,0.6362930536270142
1161,1998,1.0,1.0,1.0,1.0,1.0,1.0,0.0,deint,0.0024622678756713867,0.06411457061767578,3,3,0.713565324114147,0.1485742871435718,0.44400984048843384
1162,1998,0.8870163329576609,0.9951414433506055,0.9765,1.0000000000000002,0.7993894589449716,0.8885118838182751,0.0,mode,0.0024622678756713867,0.06122732162475586,9,4,0.26075446406960023,0.06353176588294147,0.8878358602523804
1162,1998,1.0,1.0,1.0,1.0,1.0,1.0,0.0,deint,0.0024622678756713867,0.06122732162475586,3,3,0.15507357526293247,0.026013006503251626,0.9330706596374512
1163,1998,0.8674348756553246,0.9926420999224183,0.968,1.0000000000000002,0.7686461556031169,0.8691915600732527,0.0,mode,0.0024622678756713867,0.07160234451293945,9,4,0.3039943224645648,0.07153576788394198,0.8690065741539001
1163,1998,1.0,1.0,1.0,1.0,1.0,1.0,0.0,deint,0.0024622678756713867,0.07160234451293945,3,3,0.19226815013331378,0.032016008004002,0.9353728890419006
1164,1999,0.8745253701752913,0.9035168366014562,0.8235,0.9999999999999996,0.7778649076595066,0.8750551341761246,0.0,mode,0.0024690628051757812,0.044924259185791016,8,4,1.4402243862865685,0.45722861430715356,0.5206275582313538
1164,1999,0.9927576607218239,0.9993939743851148,0.99,0.9999999999999998,0.9856584294502743,0.9927774231776125,0.0,deint,0.0024690628051757812,0.044924259185791016,5,4,1.1366006477538597,0.3266633316658329,0.5610074996948242
1165,1999,0.9486375942153409,0.9929776143522578,0.953,0.9999999999999999,0.9025454498594125,0.948776755820583,0.0,mode,0.0024690628051757812,0.05536055564880371,5,3,0.8058818835803587,0.26263131565782893,0.8556776642799377
1165,1999,1.0,1.0,1.0,1.0,1.0,1.0,0.0,deint,0.0024690628051757812,0.05536055564880371,3,3,0.7273450273008585,0.2366183091545773,0.8663275241851807
1166,1999,0.9607504451846868,0.9977761476776208,0.978,1.0,0.9249704730797746,0.9610230245245347,0.0,mode,0.0024690628051757812,0.06810712814331055,6,4,0.4974532497398765,0.2321160580290145,0.9377891421318054
1166,1999,1.0,1.0,1.0,1.0,1.0,1.0,0.0,deint,0.0024690628051757812,0.06810712814331055,4,4,0.46012956790194715,0.2206103051525763,0.9362661838531494
1167,1999,0.9026744788809548,0.9939077212852008,0.976,1.0000000000000002,0.8238366258704891,0.9034105513450633,0.0,mode,0.0024690628051757812,0.06119132041931152,5,3,0.23011838632910014,0.07103551775887944,0.9196196794509888
1167,1999,1.0,1.0,1.0,1.0,1.0,1.0,0.0,deint,0.0024690628051757812,0.06119132041931152,3,3,0.18957995505604586,0.058029014507253625,0.9216922521591187
